frequency,raw,error,smoothed,error_smoothed,equalization,parametric_eq,fixed_band_eq,equalized_raw,equalized_smoothed,target
20.00,-1.75,-0.98,-1.75,-0.97,0.97,-1.64,-0.64,-0.78,-0.78,-0.78
20.20,-1.67,-0.90,-1.68,-0.90,0.90,-1.64,-0.66,-0.77,-0.77,-0.78
20.40,-1.60,-0.84,-1.60,-0.83,0.83,-1.64,-0.68,-0.77,-0.77,-0.77
20.61,-1.53,-0.77,-1.53,-0.76,0.76,-1.64,-0.70,-0.76,-0.76,-0.76
20.81,-1.45,-0.70,-1.45,-0.70,0.70,-1.64,-0.72,-0.76,-0.76,-0.76
21.02,-1.37,-0.63,-1.38,-0.62,0.63,-1.64,-0.74,-0.75,-0.75,-0.75
21.23,-1.30,-0.56,-1.30,-0.56,0.56,-1.64,-0.76,-0.75,-0.74,-0.75
21.44,-1.22,-0.49,-1.23,-0.49,0.49,-1.64,-0.78,-0.74,-0.74,-0.74
21.66,-1.16,-0.43,-1.15,-0.42,0.42,-1.64,-0.81,-0.74,-0.73,-0.73
21.87,-1.07,-0.34,-1.08,-0.35,0.35,-1.64,-0.83,-0.72,-0.73,-0.73
22.09,-1.00,-0.29,-1.00,-0.28,0.28,-1.64,-0.86,-0.72,-0.72,-0.72
22.31,-0.92,-0.21,-0.93,-0.21,0.21,-1.64,-0.88,-0.71,-0.71,-0.71
22.54,-0.86,-0.15,-0.85,-0.15,0.15,-1.64,-0.91,-0.71,-0.71,-0.71
22.76,-0.77,-0.08,-0.77,-0.08,0.08,-1.64,-0.93,-0.69,-0.69,-0.70
22.99,-0.69,-0.01,-0.70,-0.01,0.01,-1.64,-0.96,-0.68,-0.69,-0.69
23.22,-0.62,0.05,-0.63,0.05,-0.05,-1.64,-0.99,-0.68,-0.68,-0.68
23.45,-0.55,0.11,-0.55,0.12,-0.12,-1.64,-1.02,-0.67,-0.67,-0.67
23.69,-0.49,0.17,-0.48,0.18,-0.18,-1.64,-1.05,-0.67,-0.66,-0.66
23.92,-0.40,0.24,-0.41,0.24,-0.24,-1.64,-1.08,-0.65,-0.65,-0.65
24.16,-0.33,0.30,-0.33,0.30,-0.30,-1.64,-1.11,-0.64,-0.64,-0.64
24.40,-0.26,0.36,-0.26,0.37,-0.37,-1.64,-1.14,-0.63,-0.62,-0.63
24.65,-0.19,0.42,-0.19,0.42,-0.43,-1.64,-1.17,-0.61,-0.61,-0.61
24.89,-0.11,0.49,-0.11,0.48,-0.48,-1.64,-1.20,-0.60,-0.60,-0.60
25.14,-0.04,0.54,-0.04,0.55,-0.54,-1.64,-1.23,-0.59,-0.58,-0.59
25.39,0.03,0.61,0.03,0.60,-0.60,-1.64,-1.26,-0.57,-0.57,-0.58
25.65,0.10,0.66,0.09,0.66,-0.66,-1.64,-1.30,-0.56,-0.57,-0.57
25.91,0.15,0.70,0.16,0.71,-0.71,-1.64,-1.33,-0.56,-0.56,-0.55
26.16,0.23,0.76,0.23,0.77,-0.77,-1.64,-1.36,-0.54,-0.54,-0.54
26.43,0.29,0.82,0.29,0.82,-0.83,-1.64,-1.39,-0.53,-0.53,-0.53
26.69,0.37,0.88,0.37,0.88,-0.88,-1.65,-1.42,-0.51,-0.51,-0.52
26.96,0.43,0.93,0.43,0.94,-0.93,-1.65,-1.45,-0.50,-0.50,-0.50
27.23,0.50,0.99,0.50,0.99,-0.99,-1.65,-1.48,-0.48,-0.48,-0.49
27.50,0.57,1.03,0.57,1.04,-1.04,-1.65,-1.51,-0.47,-0.47,-0.47
27.77,0.64,1.09,0.63,1.09,-1.09,-1.65,-1.54,-0.45,-0.46,-0.46
28.05,0.70,1.13,0.70,1.14,-1.14,-1.65,-1.57,-0.45,-0.44,-0.44
28.33,0.77,1.19,0.76,1.19,-1.19,-1.66,-1.60,-0.43,-0.43,-0.43
28.62,0.82,1.23,0.83,1.24,-1.24,-1.66,-1.62,-0.42,-0.41,-0.41
28.90,0.90,1.29,0.89,1.29,-1.29,-1.66,-1.65,-0.40,-0.40,-0.40
29.19,0.96,1.33,0.96,1.34,-1.34,-1.67,-1.67,-0.38,-0.38,-0.38
29.48,1.02,1.38,1.02,1.38,-1.38,-1.67,-1.69,-0.36,-0.36,-0.37
29.78,1.07,1.42,1.07,1.42,-1.42,-1.67,-1.71,-0.34,-0.34,-0.35
30.08,1.12,1.46,1.12,1.46,-1.45,-1.68,-1.72,-0.33,-0.33,-0.34
30.38,1.16,1.48,1.16,1.48,-1.48,-1.68,-1.74,-0.31,-0.32,-0.32
30.68,1.20,1.50,1.20,1.51,-1.51,-1.69,-1.75,-0.31,-0.31,-0.31
30.99,1.24,1.52,1.23,1.52,-1.53,-1.69,-1.76,-0.29,-0.29,-0.29
31.30,1.27,1.54,1.27,1.54,-1.55,-1.70,-1.77,-0.28,-0.28,-0.28
31.61,1.31,1.56,1.30,1.56,-1.57,-1.71,-1.78,-0.26,-0.26,-0.26
31.93,1.34,1.58,1.34,1.58,-1.58,-1.72,-1.78,-0.25,-0.25,-0.25
32.24,1.38,1.60,1.37,1.60,-1.60,-1.72,-1.78,-0.23,-0.23,-0.23
32.57,1.41,1.62,1.41,1.62,-1.62,-1.73,-1.78,-0.22,-0.22,-0.22
32.89,1.45,1.64,1.45,1.65,-1.65,-1.74,-1.78,-0.20,-0.20,-0.20
33.22,1.49,1.67,1.49,1.67,-1.67,-1.75,-1.78,-0.19,-0.19,-0.19
33.55,1.53,1.69,1.53,1.70,-1.70,-1.76,-1.77,-0.17,-0.17,-0.17
33.89,1.58,1.73,1.57,1.73,-1.73,-1.78,-1.76,-0.15,-0.16,-0.16
34.23,1.62,1.75,1.62,1.76,-1.76,-1.79,-1.75,-0.14,-0.14,-0.14
34.57,1.67,1.79,1.67,1.79,-1.79,-1.80,-1.74,-0.13,-0.13,-0.13
34.92,1.71,1.83,1.71,1.83,-1.83,-1.82,-1.73,-0.11,-0.12,-0.12
35.27,1.76,1.86,1.76,1.87,-1.87,-1.84,-1.72,-0.10,-0.10,-0.10
35.62,1.82,1.90,1.82,1.91,-1.91,-1.85,-1.71,-0.10,-0.09,-0.09
35.97,1.88,1.95,1.88,1.95,-1.96,-1.87,-1.70,-0.08,-0.08,-0.08
36.33,1.94,2.00,1.93,2.00,-2.01,-1.89,-1.68,-0.07,-0.07,-0.07
36.70,2.00,2.05,2.00,2.05,-2.06,-1.92,-1.67,-0.06,-0.06,-0.06
37.06,2.06,2.10,2.06,2.11,-2.11,-1.94,-1.66,-0.05,-0.05,-0.05
37.43,2.13,2.16,2.13,2.16,-2.16,-1.97,-1.64,-0.04,-0.04,-0.04
37.81,2.20,2.22,2.19,2.22,-2.22,-2.00,-1.63,-0.02,-0.02,-0.03
38.19,2.26,2.27,2.26,2.27,-2.27,-2.03,-1.61,-0.01,-0.01,-0.02
38.57,2.32,2.32,2.31,2.32,-2.32,-2.06,-1.60,-0.00,-0.00,-0.01
38.95,2.37,2.36,2.37,2.37,-2.37,-2.10,-1.59,-0.00,0.00,0.00
39.34,2.43,2.41,2.42,2.41,-2.41,-2.13,-1.58,0.01,0.01,0.01
39.74,2.48,2.45,2.47,2.46,-2.46,-2.17,-1.57,0.02,0.02,0.02
40.14,2.52,2.50,2.53,2.50,-2.50,-2.21,-1.56,0.02,0.02,0.02
40.54,2.58,2.54,2.58,2.54,-2.54,-2.25,-1.55,0.03,0.03,0.03
40.94,2.63,2.58,2.63,2.58,-2.58,-2.30,-1.54,0.04,0.04,0.04
41.35,2.68,2.62,2.67,2.62,-2.62,-2.34,-1.53,0.05,0.05,0.05
41.76,2.72,2.65,2.72,2.66,-2.66,-2.39,-1.53,0.06,0.06,0.06
42.18,2.77,2.69,2.76,2.69,-2.69,-2.43,-1.52,0.07,0.07,0.07
42.60,2.81,2.72,2.81,2.72,-2.73,-2.48,-1.52,0.08,0.08,0.08
43.03,2.85,2.75,2.84,2.75,-2.75,-2.52,-1.51,0.09,0.09,0.09
43.46,2.88,2.77,2.88,2.77,-2.78,-2.56,-1.51,0.10,0.10,0.10
43.90,2.91,2.79,2.91,2.79,-2.79,-2.59,-1.51,0.11,0.12,0.11
44.33,2.94,2.80,2.93,2.81,-2.80,-2.62,-1.51,0.13,0.13,0.13
44.78,2.96,2.81,2.95,2.81,-2.81,-2.65,-1.52,0.15,0.14,0.14
45.23,2.97,2.81,2.96,2.81,-2.81,-2.67,-1.52,0.16,0.16,0.15
45.68,2.97,2.79,2.97,2.80,-2.80,-2.67,-1.52,0.17,0.17,0.17
46.13,2.97,2.78,2.97,2.78,-2.78,-2.67,-1.53,0.18,0.18,0.18
46.60,2.96,2.75,2.96,2.76,-2.76,-2.66,-1.54,0.20,0.20,0.20
47.06,2.95,2.73,2.94,2.73,-2.73,-2.65,-1.55,0.22,0.22,0.21
47.53,2.92,2.68,2.92,2.69,-2.69,-2.62,-1.55,0.23,0.23,0.23
48.01,2.90,2.65,2.89,2.65,-2.65,-2.58,-1.57,0.25,0.25,0.24
48.49,2.86,2.59,2.86,2.60,-2.60,-2.54,-1.58,0.26,0.26,0.26
48.97,2.82,2.54,2.82,2.54,-2.54,-2.49,-1.59,0.27,0.28,0.27
49.46,2.78,2.48,2.77,2.49,-2.49,-2.43,-1.60,0.29,0.29,0.29
49.96,2.73,2.42,2.73,2.42,-2.43,-2.37,-1.61,0.30,0.30,0.30
50.46,2.68,2.36,2.67,2.36,-2.36,-2.30,-1.63,0.31,0.31,0.31
50.96,2.62,2.28,2.62,2.29,-2.30,-2.24,-1.64,0.32,0.32,0.33
51.47,2.57,2.22,2.57,2.23,-2.23,-2.17,-1.66,0.34,0.34,0.34
51.99,2.52,2.16,2.51,2.16,-2.16,-2.10,-1.67,0.36,0.36,0.35
52.51,2.46,2.09,2.46,2.09,-2.09,-2.03,-1.69,0.37,0.37,0.36
53.03,2.40,2.02,2.39,2.02,-2.02,-1.96,-1.70,0.38,0.38,0.37
53.56,2.33,1.93,2.33,1.94,-1.95,-1.89,-1.71,0.38,0.38,0.39
54.10,2.27,1.86,2.27,1.87,-1.88,-1.83,-1.73,0.39,0.39,0.40
54.64,2.22,1.80,2.21,1.80,-1.81,-1.76,-1.74,0.40,0.40,0.41
55.18,2.16,1.74,2.16,1.74,-1.75,-1.70,-1.75,0.41,0.41,0.41
55.74,2.11,1.68,2.11,1.69,-1.68,-1.64,-1.76,0.42,0.42,0.42
56.29,2.06,1.62,2.05,1.62,-1.62,-1.58,-1.77,0.44,0.43,0.43
56.86,2.00,1.56,2.00,1.56,-1.56,-1.52,-1.78,0.44,0.44,0.43
57.42,1.94,1.49,1.94,1.50,-1.49,-1.46,-1.78,0.44,0.45,0.44
58.00,1.88,1.43,1.87,1.43,-1.43,-1.41,-1.79,0.45,0.45,0.44
58.58,1.82,1.36,1.81,1.36,-1.36,-1.36,-1.79,0.45,0.45,0.45
59.16,1.75,1.29,1.75,1.30,-1.30,-1.31,-1.79,0.45,0.45,0.45
59.76,1.69,1.23,1.68,1.23,-1.23,-1.26,-1.78,0.45,0.45,0.45
60.35,1.63,1.17,1.62,1.17,-1.17,-1.21,-1.78,0.45,0.45,0.45
60.96,1.57,1.11,1.57,1.12,-1.12,-1.16,-1.77,0.45,0.45,0.45
61.57,1.52,1.06,1.51,1.06,-1.06,-1.12,-1.75,0.45,0.45,0.45
62.18,1.47,1.01,1.46,1.01,-1.02,-1.07,-1.74,0.45,0.45,0.45
62.80,1.42,0.96,1.42,0.97,-0.97,-1.03,-1.72,0.44,0.44,0.45
63.43,1.38,0.92,1.38,0.93,-0.94,-0.98,-1.70,0.44,0.44,0.45
64.07,1.35,0.90,1.34,0.90,-0.90,-0.94,-1.67,0.45,0.44,0.44
64.71,1.32,0.87,1.31,0.87,-0.87,-0.90,-1.64,0.45,0.45,0.44
65.35,1.29,0.84,1.29,0.85,-0.84,-0.86,-1.61,0.45,0.45,0.44
66.01,1.26,0.81,1.26,0.81,-0.81,-0.81,-1.58,0.45,0.45,0.44
66.67,1.23,0.78,1.23,0.78,-0.78,-0.77,-1.54,0.44,0.44,0.44
67.33,1.20,0.75,1.20,0.76,-0.76,-0.73,-1.50,0.44,0.44,0.44
68.01,1.17,0.73,1.16,0.73,-0.73,-0.69,-1.46,0.43,0.43,0.43
68.69,1.14,0.70,1.14,0.70,-0.71,-0.65,-1.41,0.43,0.43,0.43
69.37,1.11,0.67,1.11,0.68,-0.68,-0.61,-1.37,0.42,0.43,0.43
70.07,1.09,0.65,1.09,0.65,-0.66,-0.57,-1.32,0.43,0.43,0.43
70.77,1.07,0.63,1.07,0.63,-0.63,-0.52,-1.27,0.43,0.43,0.43
71.48,1.05,0.61,1.04,0.61,-0.61,-0.48,-1.21,0.44,0.44,0.43
72.19,1.02,0.58,1.02,0.58,-0.58,-0.44,-1.16,0.44,0.44,0.43
72.91,0.99,0.54,0.99,0.55,-0.55,-0.40,-1.10,0.43,0.44,0.44
73.64,0.96,0.51,0.96,0.51,-0.52,-0.35,-1.05,0.44,0.44,0.44
74.38,0.93,0.47,0.93,0.48,-0.48,-0.31,-0.99,0.45,0.45,0.45
75.12,0.90,0.44,0.89,0.44,-0.43,-0.26,-0.93,0.46,0.46,0.45
75.87,0.86,0.39,0.85,0.39,-0.38,-0.22,-0.87,0.47,0.47,0.46
76.63,0.81,0.33,0.80,0.33,-0.33,-0.17,-0.81,0.48,0.48,0.47
77.40,0.75,0.26,0.75,0.27,-0.27,-0.13,-0.75,0.48,0.48,0.48
78.17,0.70,0.20,0.69,0.20,-0.20,-0.08,-0.68,0.49,0.49,0.49
78.95,0.64,0.13,0.64,0.13,-0.14,-0.03,-0.62,0.50,0.50,0.50
79.74,0.58,0.06,0.58,0.07,-0.06,0.02,-0.56,0.51,0.51,0.51
80.54,0.52,-0.01,0.51,-0.01,0.01,0.07,-0.50,0.53,0.52,0.52
81.35,0.45,-0.09,0.45,-0.09,0.09,0.12,-0.43,0.53,0.53,0.53
82.16,0.38,-0.17,0.38,-0.17,0.16,0.17,-0.37,0.54,0.54,0.54
82.98,0.31,-0.25,0.31,-0.24,0.24,0.22,-0.31,0.55,0.55,0.55
83.81,0.25,-0.32,0.24,-0.32,0.32,0.28,-0.24,0.56,0.56,0.56
84.65,0.19,-0.39,0.18,-0.39,0.39,0.33,-0.18,0.57,0.57,0.57
85.50,0.13,-0.46,0.12,-0.46,0.46,0.39,-0.12,0.58,0.58,0.58
86.35,0.07,-0.53,0.06,-0.53,0.52,0.44,-0.05,0.59,0.59,0.59
87.22,0.01,-0.60,0.01,-0.59,0.58,0.50,0.01,0.59,0.59,0.60
88.09,-0.03,-0.65,-0.03,-0.65,0.64,0.56,0.07,0.61,0.61,0.61
88.97,-0.06,-0.70,-0.07,-0.69,0.69,0.62,0.14,0.63,0.62,0.63
89.86,-0.09,-0.74,-0.10,-0.74,0.74,0.68,0.20,0.64,0.64,0.64
90.76,-0.12,-0.78,-0.13,-0.78,0.78,0.74,0.27,0.66,0.66,0.65
91.66,-0.15,-0.83,-0.15,-0.82,0.82,0.80,0.33,0.67,0.67,0.67
92.58,-0.18,-0.87,-0.18,-0.86,0.86,0.86,0.39,0.68,0.68,0.68
93.51,-0.20,-0.90,-0.20,-0.90,0.90,0.92,0.46,0.70,0.69,0.69
94.44,-0.22,-0.94,-0.23,-0.94,0.94,0.98,0.52,0.72,0.71,0.71
95.39,-0.26,-0.99,-0.26,-0.98,0.99,1.04,0.59,0.73,0.73,0.72
96.34,-0.29,-1.04,-0.29,-1.03,1.04,1.09,0.65,0.75,0.75,0.74
97.30,-0.33,-1.09,-0.33,-1.08,1.10,1.15,0.71,0.76,0.76,0.75
98.28,-0.37,-1.14,-0.38,-1.14,1.15,1.20,0.78,0.78,0.77,0.76
99.26,-0.43,-1.21,-0.43,-1.21,1.21,1.26,0.84,0.78,0.78,0.77
100.25,-0.49,-1.29,-0.49,-1.28,1.27,1.30,0.91,0.78,0.78,0.79
101.25,-0.54,-1.35,-0.54,-1.35,1.33,1.35,0.97,0.78,0.78,0.80
102.27,-0.59,-1.41,-0.59,-1.40,1.38,1.40,1.03,0.79,0.80,0.81
103.29,-0.61,-1.43,-0.62,-1.44,1.44,1.44,1.09,0.82,0.82,0.81
104.32,-0.65,-1.48,-0.66,-1.48,1.49,1.48,1.16,0.83,0.83,0.82
105.37,-0.69,-1.53,-0.70,-1.52,1.53,1.51,1.22,0.84,0.84,0.83
106.42,-0.74,-1.58,-0.74,-1.57,1.58,1.54,1.28,0.83,0.83,0.83
107.48,-0.78,-1.62,-0.78,-1.62,1.62,1.58,1.34,0.83,0.83,0.83
108.56,-0.82,-1.66,-0.83,-1.66,1.66,1.60,1.40,0.83,0.83,0.83
109.64,-0.86,-1.70,-0.86,-1.70,1.70,1.63,1.45,0.83,0.84,0.83
110.74,-0.90,-1.74,-0.91,-1.74,1.74,1.66,1.51,0.83,0.83,0.83
111.85,-0.94,-1.78,-0.95,-1.78,1.77,1.68,1.56,0.83,0.82,0.83
112.97,-0.99,-1.82,-0.99,-1.81,1.80,1.70,1.62,0.81,0.81,0.82
114.10,-1.01,-1.84,-1.02,-1.84,1.83,1.72,1.67,0.82,0.81,0.82
115.24,-1.04,-1.86,-1.04,-1.85,1.86,1.74,1.72,0.81,0.82,0.81
116.39,-1.05,-1.87,-1.06,-1.87,1.88,1.76,1.76,0.83,0.82,0.81
117.55,-1.08,-1.89,-1.09,-1.89,1.90,1.78,1.81,0.82,0.81,0.80
118.73,-1.11,-1.92,-1.11,-1.91,1.92,1.80,1.85,0.80,0.80,0.80
119.92,-1.14,-1.94,-1.14,-1.94,1.93,1.82,1.89,0.78,0.78,0.79
121.12,-1.16,-1.96,-1.16,-1.95,1.93,1.84,1.93,0.77,0.77,0.79
122.33,-1.16,-1.96,-1.16,-1.95,1.94,1.86,1.96,0.77,0.78,0.79
123.55,-1.15,-1.95,-1.16,-1.95,1.94,1.89,2.00,0.79,0.79,0.79
124.79,-1.14,-1.94,-1.15,-1.94,1.95,1.91,2.02,0.80,0.80,0.79
126.03,-1.14,-1.94,-1.14,-1.94,1.95,1.93,2.05,0.81,0.81,0.79
127.29,-1.15,-1.95,-1.15,-1.94,1.96,1.95,2.07,0.80,0.80,0.79
128.57,-1.16,-1.96,-1.17,-1.96,1.97,1.98,2.10,0.80,0.80,0.79
129.85,-1.19,-1.99,-1.19,-1.98,1.99,2.00,2.12,0.79,0.80,0.79
131.15,-1.22,-2.02,-1.22,-2.01,2.01,2.02,2.13,0.79,0.80,0.79
132.46,-1.24,-2.04,-1.25,-2.04,2.04,2.05,2.15,0.80,0.79,0.79
133.79,-1.27,-2.08,-1.28,-2.08,2.08,2.07,2.16,0.80,0.80,0.80
135.12,-1.32,-2.13,-1.31,-2.12,2.11,2.10,2.17,0.79,0.80,0.80
136.48,-1.34,-2.15,-1.35,-2.15,2.15,2.13,2.18,0.81,0.80,0.80
137.84,-1.38,-2.19,-1.38,-2.18,2.18,2.15,2.19,0.80,0.80,0.80
139.22,-1.41,-2.22,-1.41,-2.21,2.21,2.18,2.20,0.80,0.80,0.80
140.61,-1.43,-2.24,-1.44,-2.25,2.24,2.21,2.20,0.80,0.80,0.80
142.02,-1.46,-2.28,-1.46,-2.27,2.26,2.23,2.21,0.79,0.80,0.81
143.44,-1.47,-2.29,-1.47,-2.28,2.27,2.26,2.21,0.80,0.80,0.81
144.87,-1.47,-2.29,-1.48,-2.29,2.29,2.29,2.21,0.81,0.81,0.81
146.32,-1.48,-2.29,-1.48,-2.29,2.30,2.31,2.22,0.81,0.81,0.80
147.78,-1.49,-2.30,-1.49,-2.30,2.31,2.34,2.22,0.81,0.81,0.80
149.26,-1.50,-2.31,-1.51,-2.31,2.32,2.37,2.22,0.81,0.81,0.80
150.75,-1.52,-2.33,-1.52,-2.32,2.33,2.40,2.23,0.80,0.81,0.80
152.26,-1.53,-2.34,-1.54,-2.34,2.33,2.42,2.23,0.80,0.80,0.80
153.78,-1.55,-2.35,-1.55,-2.35,2.34,2.45,2.24,0.79,0.79,0.79
155.32,-1.56,-2.36,-1.56,-2.36,2.35,2.48,2.24,0.78,0.78,0.79
156.88,-1.56,-2.36,-1.57,-2.36,2.35,2.50,2.25,0.78,0.78,0.79
158.44,-1.56,-2.36,-1.56,-2.35,2.35,2.53,2.26,0.78,0.78,0.79
160.03,-1.55,-2.34,-1.56,-2.34,2.34,2.56,2.27,0.79,0.79,0.78
161.63,-1.55,-2.34,-1.55,-2.33,2.34,2.58,2.28,0.79,0.79,0.78
163.24,-1.55,-2.33,-1.55,-2.33,2.34,2.61,2.29,0.78,0.78,0.77
164.88,-1.55,-2.33,-1.56,-2.33,2.33,2.63,2.31,0.78,0.77,0.77
166.53,-1.56,-2.33,-1.57,-2.33,2.33,2.66,2.33,0.76,0.76,0.76
168.19,-1.57,-2.33,-1.58,-2.33,2.32,2.68,2.35,0.75,0.75,0.75
169.87,-1.59,-2.34,-1.59,-2.33,2.32,2.71,2.36,0.73,0.73,0.74
171.57,-1.59,-2.33,-1.60,-2.33,2.32,2.73,2.39,0.73,0.73,0.73
173.29,-1.60,-2.33,-1.60,-2.33,2.33,2.75,2.41,0.72,0.72,0.72
175.02,-1.61,-2.33,-1.62,-2.33,2.34,2.78,2.44,0.72,0.72,0.71
176.77,-1.64,-2.34,-1.65,-2.34,2.36,2.80,2.46,0.71,0.71,0.69
178.54,-1.68,-2.37,-1.68,-2.36,2.38,2.82,2.49,0.69,0.70,0.68
180.32,-1.72,-2.39,-1.73,-2.39,2.40,2.84,2.53,0.67,0.67,0.66
182.13,-1.77,-2.43,-1.78,-2.43,2.42,2.86,2.56,0.65,0.64,0.65
183.95,-1.84,-2.48,-1.83,-2.47,2.45,2.88,2.59,0.60,0.62,0.63
185.79,-1.88,-2.50,-1.88,-2.49,2.48,2.90,2.63,0.59,0.60,0.61
187.65,-1.90,-2.51,-1.91,-2.51,2.50,2.92,2.67,0.60,0.59,0.60
189.52,-1.93,-2.52,-1.94,-2.52,2.52,2.94,2.71,0.59,0.58,0.58
191.42,-1.97,-2.54,-1.97,-2.54,2.54,2.95,2.76,0.57,0.57,0.56
193.33,-2.01,-2.56,-2.01,-2.56,2.56,2.97,2.80,0.55,0.55,0.54
195.27,-2.05,-2.59,-2.05,-2.58,2.58,2.99,2.85,0.52,0.53,0.53
197.22,-2.08,-2.60,-2.09,-2.60,2.60,3.00,2.89,0.51,0.51,0.51
199.19,-2.12,-2.62,-2.13,-2.62,2.62,3.02,2.94,0.49,0.49,0.49
201.18,-2.17,-2.64,-2.17,-2.64,2.64,3.03,2.99,0.47,0.47,0.46
203.19,-2.22,-2.67,-2.22,-2.67,2.67,3.04,3.04,0.44,0.44,0.44
205.23,-2.27,-2.70,-2.27,-2.70,2.69,3.06,3.09,0.42,0.42,0.42
207.28,-2.32,-2.73,-2.32,-2.72,2.72,3.07,3.14,0.39,0.40,0.40
209.35,-2.36,-2.75,-2.37,-2.75,2.75,3.08,3.19,0.38,0.38,0.38
211.44,-2.41,-2.77,-2.42,-2.77,2.78,3.09,3.24,0.36,0.36,0.35
213.56,-2.47,-2.81,-2.48,-2.81,2.81,3.10,3.29,0.34,0.34,0.33
215.69,-2.54,-2.85,-2.54,-2.84,2.85,3.11,3.34,0.30,0.31,0.30
217.85,-2.61,-2.89,-2.61,-2.89,2.89,3.11,3.39,0.27,0.27,0.27
220.03,-2.67,-2.93,-2.68,-2.93,2.92,3.12,3.43,0.25,0.25,0.25
222.23,-2.73,-2.97,-2.74,-2.96,2.96,3.13,3.48,0.22,0.22,0.23
224.45,-2.79,-3.00,-2.80,-3.00,2.99,3.13,3.52,0.20,0.20,0.20
226.70,-2.85,-3.04,-2.85,-3.03,3.03,3.14,3.56,0.17,0.18,0.18
228.96,-2.90,-3.07,-2.90,-3.06,3.06,3.14,3.59,0.16,0.16,0.16
231.25,-2.94,-3.09,-2.95,-3.09,3.09,3.14,3.62,0.15,0.15,0.14
233.57,-2.98,-3.12,-2.99,-3.12,3.13,3.14,3.65,0.14,0.13,0.13
235.90,-3.04,-3.16,-3.04,-3.15,3.16,3.14,3.67,0.11,0.12,0.11
238.26,-3.08,-3.19,-3.08,-3.19,3.19,3.14,3.69,0.11,0.11,0.10
240.64,-3.12,-3.22,-3.13,-3.22,3.22,3.14,3.70,0.10,0.09,0.09
243.05,-3.16,-3.25,-3.17,-3.25,3.25,3.14,3.71,0.08,0.08,0.08
245.48,-3.20,-3.28,-3.21,-3.28,3.27,3.14,3.71,0.07,0.06,0.07
247.93,-3.24,-3.31,-3.24,-3.30,3.29,3.13,3.71,0.04,0.05,0.06
250.41,-3.26,-3.32,-3.26,-3.31,3.30,3.13,3.70,0.04,0.04,0.05
252.92,-3.26,-3.31,-3.27,-3.31,3.31,3.12,3.68,0.04,0.04,0.04
255.45,-3.26,-3.30,-3.27,-3.30,3.31,3.12,3.66,0.04,0.04,0.03
258.00,-3.26,-3.29,-3.26,-3.29,3.30,3.11,3.64,0.03,0.03,0.02
260.58,-3.26,-3.29,-3.26,-3.28,3.28,3.10,3.60,0.02,0.02,0.02
263.19,-3.25,-3.27,-3.25,-3.27,3.26,3.09,3.57,0.01,0.01,0.01
265.82,-3.24,-3.25,-3.24,-3.25,3.24,3.08,3.52,-0.01,-0.01,0.00
268.48,-3.22,-3.22,-3.23,-3.22,3.21,3.07,3.48,-0.01,-0.02,-0.01
271.16,-3.21,-3.20,-3.20,-3.19,3.18,3.06,3.42,-0.03,-0.03,-0.02
273.87,-3.17,-3.15,-3.18,-3.15,3.15,3.05,3.37,-0.03,-0.03,-0.03
276.61,-3.14,-3.11,-3.15,-3.11,3.11,3.03,3.31,-0.03,-0.04,-0.04
279.38,-3.12,-3.08,-3.12,-3.07,3.08,3.02,3.24,-0.04,-0.04,-0.05
282.17,-3.10,-3.05,-3.10,-3.04,3.05,3.00,3.18,-0.05,-0.05,-0.06
284.99,-3.08,-3.02,-3.09,-3.02,3.03,2.99,3.11,-0.05,-0.06,-0.07
287.84,-3.07,-3.00,-3.08,-3.00,3.01,2.97,3.04,-0.06,-0.07,-0.08
290.72,-3.08,-3.00,-3.08,-3.00,3.00,2.95,2.96,-0.09,-0.08,-0.09
293.63,-3.09,-3.00,-3.09,-2.99,2.99,2.93,2.89,-0.11,-0.10,-0.10
296.57,-3.10,-3.00,-3.10,-2.99,2.98,2.91,2.81,-0.12,-0.12,-0.11
299.53,-3.10,-2.99,-3.10,-2.99,2.98,2.89,2.73,-0.13,-0.13,-0.12
302.53,-3.10,-2.98,-3.10,-2.97,2.97,2.87,2.66,-0.13,-0.13,-0.13
305.55,-3.10,-2.96,-3.10,-2.96,2.97,2.85,2.58,-0.14,-0.14,-0.15
308.61,-3.10,-2.95,-3.11,-2.95,2.96,2.83,2.50,-0.15,-0.15,-0.16
311.69,-3.11,-2.95,-3.12,-2.94,2.95,2.80,2.42,-0.17,-0.17,-0.17
314.81,-3.12,-2.94,-3.12,-2.94,2.93,2.78,2.34,-0.19,-0.19,-0.19
317.96,-3.12,-2.93,-3.12,-2.92,2.91,2.75,2.26,-0.21,-0.21,-0.20
321.14,-3.11,-2.90,-3.11,-2.90,2.89,2.72,2.19,-0.22,-0.22,-0.22
324.35,-3.09,-2.87,-3.10,-2.87,2.86,2.70,2.11,-0.23,-0.23,-0.23
327.59,-3.07,-2.83,-3.08,-2.83,2.83,2.67,2.03,-0.24,-0.25,-0.25
330.87,-3.06,-2.81,-3.06,-2.80,2.80,2.64,1.96,-0.27,-0.26,-0.26
334.18,-3.03,-2.76,-3.03,-2.76,2.76,2.61,1.88,-0.28,-0.27,-0.28
337.52,-2.99,-2.71,-3.00,-2.71,2.72,2.58,1.81,-0.28,-0.29,-0.29
340.90,-2.97,-2.67,-2.97,-2.67,2.67,2.55,1.74,-0.30,-0.30,-0.31
344.30,-2.94,-2.63,-2.94,-2.62,2.62,2.51,1.67,-0.32,-0.32,-0.32
347.75,-2.91,-2.58,-2.92,-2.58,2.58,2.48,1.60,-0.34,-0.34,-0.34
351.23,-2.88,-2.53,-2.89,-2.53,2.52,2.45,1.53,-0.36,-0.36,-0.36
354.74,-2.85,-2.49,-2.85,-2.48,2.47,2.41,1.46,-0.38,-0.38,-0.37
358.28,-2.81,-2.43,-2.81,-2.42,2.42,2.38,1.39,-0.40,-0.39,-0.39
361.87,-2.76,-2.36,-2.77,-2.36,2.36,2.34,1.33,-0.40,-0.41,-0.41
365.49,-2.72,-2.31,-2.73,-2.31,2.31,2.30,1.26,-0.41,-0.42,-0.42
369.14,-2.69,-2.26,-2.69,-2.25,2.26,2.26,1.20,-0.43,-0.43,-0.44
372.83,-2.65,-2.21,-2.66,-2.20,2.21,2.22,1.14,-0.44,-0.44,-0.45
376.56,-2.62,-2.16,-2.63,-2.16,2.17,2.18,1.08,-0.46,-0.46,-0.47
380.33,-2.60,-2.12,-2.61,-2.12,2.12,2.14,1.02,-0.48,-0.48,-0.49
384.13,-2.59,-2.10,-2.59,-2.09,2.08,2.10,0.96,-0.51,-0.51,-0.50
387.97,-2.56,-2.05,-2.56,-2.05,2.04,2.06,0.90,-0.53,-0.53,-0.52
391.85,-2.53,-2.01,-2.53,-2.01,2.00,2.02,0.85,-0.54,-0.54,-0.53
395.77,-2.49,-1.96,-2.49,-1.95,1.95,1.97,0.79,-0.54,-0.54,-0.54
399.73,-2.45,-1.91,-2.45,-1.91,1.91,1.93,0.74,-0.54,-0.55,-0.55
403.72,-2.41,-1.86,-2.42,-1.86,1.87,1.88,0.69,-0.55,-0.55,-0.56
407.76,-2.38,-1.82,-2.38,-1.81,1.82,1.83,0.63,-0.56,-0.56,-0.57
411.84,-2.35,-1.77,-2.36,-1.77,1.78,1.78,0.58,-0.58,-0.58,-0.59
415.96,-2.33,-1.74,-2.33,-1.73,1.73,1.73,0.53,-0.60,-0.60,-0.60
420.12,-2.30,-1.70,-2.30,-1.69,1.69,1.68,0.48,-0.62,-0.61,-0.61
424.32,-2.26,-1.65,-2.27,-1.65,1.64,1.63,0.44,-0.63,-0.63,-0.62
428.56,-2.22,-1.60,-2.23,-1.59,1.59,1.58,0.39,-0.64,-0.64,-0.63
432.85,-2.18,-1.54,-2.18,-1.53,1.53,1.52,0.34,-0.65,-0.65,-0.65
437.18,-2.12,-1.47,-2.13,-1.47,1.47,1.47,0.30,-0.65,-0.66,-0.66
441.55,-2.07,-1.41,-2.08,-1.40,1.41,1.41,0.25,-0.67,-0.67,-0.67
445.96,-2.02,-1.34,-2.02,-1.33,1.34,1.36,0.21,-0.69,-0.68,-0.69
450.42,-1.96,-1.26,-1.97,-1.26,1.27,1.30,0.17,-0.70,-0.70,-0.71
454.93,-1.91,-1.20,-1.91,-1.19,1.19,1.24,0.13,-0.72,-0.72,-0.72
459.48,-1.85,-1.12,-1.86,-1.12,1.12,1.17,0.09,-0.74,-0.74,-0.74
464.07,-1.80,-1.05,-1.80,-1.05,1.04,1.11,0.05,-0.77,-0.76,-0.76
468.71,-1.74,-0.97,-1.74,-0.96,0.96,1.04,0.01,-0.79,-0.78,-0.78
473.40,-1.66,-0.88,-1.67,-0.88,0.87,0.98,-0.02,-0.79,-0.80,-0.79
478.13,-1.58,-0.78,-1.59,-0.78,0.78,0.91,-0.06,-0.80,-0.81,-0.81
482.91,-1.51,-0.70,-1.51,-0.69,0.69,0.84,-0.09,-0.82,-0.82,-0.82
487.74,-1.43,-0.60,-1.43,-0.59,0.60,0.77,-0.12,-0.83,-0.83,-0.84
492.62,-1.34,-0.50,-1.35,-0.50,0.50,0.69,-0.16,-0.84,-0.85,-0.85
497.55,-1.26,-0.41,-1.27,-0.41,0.41,0.62,-0.19,-0.86,-0.86,-0.86
502.52,-1.18,-0.32,-1.18,-0.31,0.31,0.54,-0.22,-0.88,-0.87,-0.87
507.55,-1.09,-0.22,-1.09,-0.21,0.21,0.46,-0.24,-0.89,-0.89,-0.88
512.62,-1.00,-0.11,-1.00,-0.11,0.11,0.38,-0.27,-0.89,-0.90,-0.90
517.75,-0.91,-0.01,-0.92,-0.01,0.01,0.29,-0.30,-0.90,-0.91,-0.91
522.93,-0.83,0.09,-0.83,0.09,-0.09,0.21,-0.32,-0.92,-0.92,-0.93
528.16,-0.75,0.19,-0.75,0.19,-0.19,0.12,-0.35,-0.95,-0.94,-0.95
533.44,-0.67,0.29,-0.67,0.29,-0.29,0.03,-0.37,-0.97,-0.97,-0.97
538.77,-0.59,0.39,-0.60,0.39,-0.39,-0.07,-0.39,-0.99,-0.99,-0.99
544.16,-0.51,0.49,-0.52,0.49,-0.50,-0.16,-0.42,-1.01,-1.01,-1.01
549.60,-0.44,0.59,-0.44,0.60,-0.60,-0.26,-0.44,-1.05,-1.04,-1.04
555.10,-0.35,0.70,-0.36,0.70,-0.71,-0.37,-0.46,-1.06,-1.06,-1.06
560.65,-0.27,0.81,-0.28,0.81,-0.81,-0.47,-0.48,-1.09,-1.09,-1.09
566.25,-0.19,0.92,-0.19,0.93,-0.92,-0.58,-0.50,-1.12,-1.11,-1.12
571.92,-0.10,1.03,-0.10,1.04,-1.03,-0.69,-0.52,-1.14,-1.14,-1.14
577.64,-0.01,1.15,-0.02,1.14,-1.15,-0.80,-0.54,-1.16,-1.17,-1.17
583.41,0.07,1.25,0.06,1.25,-1.26,-0.92,-0.56,-1.20,-1.20,-1.19
589.25,0.15,1.35,0.16,1.37,-1.37,-1.04,-0.58,-1.23,-1.22,-1.21
595.14,0.26,1.48,0.26,1.49,-1.49,-1.16,-0.60,-1.23,-1.23,-1.23
601.09,0.37,1.61,0.36,1.61,-1.60,-1.28,-0.62,-1.24,-1.24,-1.25
607.10,0.47,1.73,0.46,1.72,-1.72,-1.41,-0.64,-1.25,-1.26,-1.27
613.17,0.55,1.82,0.55,1.83,-1.83,-1.53,-0.66,-1.28,-1.28,-1.28
619.30,0.63,1.91,0.63,1.93,-1.93,-1.66,-0.68,-1.31,-1.30,-1.29
625.50,0.73,2.03,0.73,2.03,-2.04,-1.79,-0.70,-1.31,-1.31,-1.31
631.75,0.83,2.14,0.82,2.14,-2.14,-1.92,-0.72,-1.31,-1.32,-1.32
638.07,0.92,2.24,0.91,2.24,-2.23,-2.05,-0.74,-1.31,-1.32,-1.33
644.45,0.98,2.31,0.98,2.32,-2.31,-2.17,-0.77,-1.33,-1.33,-1.34
650.89,1.06,2.39,1.05,2.39,-2.39,-2.30,-0.79,-1.33,-1.34,-1.34
657.40,1.12,2.46,1.12,2.46,-2.46,-2.42,-0.81,-1.35,-1.35,-1.35
663.98,1.18,2.52,1.18,2.53,-2.53,-2.54,-0.84,-1.36,-1.35,-1.35
670.62,1.25,2.59,1.24,2.59,-2.60,-2.65,-0.86,-1.35,-1.35,-1.35
677.32,1.31,2.65,1.30,2.65,-2.65,-2.76,-0.89,-1.35,-1.35,-1.35
684.10,1.36,2.70,1.36,2.71,-2.71,-2.86,-0.91,-1.36,-1.35,-1.35
690.94,1.43,2.77,1.42,2.77,-2.77,-2.96,-0.94,-1.34,-1.35,-1.35
697.85,1.48,2.82,1.47,2.82,-2.82,-3.04,-0.97,-1.35,-1.35,-1.35
704.83,1.53,2.87,1.52,2.87,-2.88,-3.12,-1.00,-1.35,-1.36,-1.35
711.87,1.57,2.92,1.57,2.92,-2.93,-3.18,-1.03,-1.37,-1.36,-1.36
718.99,1.62,2.97,1.62,2.98,-2.98,-3.23,-1.06,-1.37,-1.37,-1.36
726.18,1.67,3.03,1.66,3.03,-3.03,-3.27,-1.09,-1.37,-1.37,-1.37
733.44,1.71,3.08,1.71,3.08,-3.08,-3.30,-1.12,-1.37,-1.37,-1.38
740.78,1.74,3.12,1.74,3.12,-3.12,-3.31,-1.15,-1.38,-1.38,-1.39
748.19,1.76,3.15,1.75,3.15,-3.15,-3.32,-1.19,-1.39,-1.40,-1.40
755.67,1.76,3.17,1.76,3.18,-3.17,-3.30,-1.22,-1.42,-1.41,-1.42
763.23,1.76,3.19,1.76,3.19,-3.19,-3.29,-1.26,-1.44,-1.44,-1.44
770.86,1.75,3.20,1.75,3.20,-3.20,-3.25,-1.29,-1.46,-1.46,-1.46
778.57,1.73,3.20,1.73,3.21,-3.21,-3.21,-1.33,-1.48,-1.48,-1.48
786.35,1.71,3.20,1.70,3.20,-3.20,-3.16,-1.37,-1.50,-1.50,-1.50
794.22,1.67,3.19,1.67,3.19,-3.20,-3.10,-1.40,-1.53,-1.53,-1.53
802.16,1.63,3.17,1.63,3.18,-3.18,-3.04,-1.44,-1.56,-1.55,-1.55
810.18,1.59,3.16,1.59,3.16,-3.16,-2.97,-1.48,-1.58,-1.57,-1.58
818.28,1.55,3.14,1.54,3.14,-3.14,-2.89,-1.52,-1.59,-1.59,-1.60
826.46,1.50,3.11,1.49,3.12,-3.11,-2.81,-1.56,-1.61,-1.62,-1.62
834.73,1.44,3.08,1.43,3.08,-3.08,-2.73,-1.59,-1.64,-1.64,-1.65
843.08,1.37,3.03,1.37,3.04,-3.04,-2.64,-1.63,-1.68,-1.67,-1.67
851.51,1.31,2.99,1.31,3.00,-3.01,-2.56,-1.67,-1.70,-1.70,-1.69
860.02,1.25,2.96,1.24,2.96,-2.97,-2.47,-1.71,-1.72,-1.72,-1.72
868.62,1.19,2.92,1.18,2.92,-2.92,-2.38,-1.75,-1.74,-1.74,-1.74
877.31,1.11,2.87,1.11,2.88,-2.88,-2.30,-1.78,-1.77,-1.76,-1.77
886.08,1.05,2.83,1.04,2.83,-2.83,-2.21,-1.82,-1.78,-1.79,-1.79
894.94,0.98,2.78,0.97,2.78,-2.78,-2.13,-1.85,-1.80,-1.81,-1.81
903.89,0.90,2.73,0.90,2.73,-2.73,-2.05,-1.88,-1.83,-1.83,-1.84
912.93,0.82,2.67,0.81,2.67,-2.67,-1.97,-1.92,-1.86,-1.86,-1.86
922.06,0.73,2.60,0.73,2.61,-2.61,-1.89,-1.94,-1.89,-1.88,-1.88
931.28,0.65,2.54,0.65,2.55,-2.55,-1.82,-1.97,-1.90,-1.90,-1.90
940.59,0.57,2.48,0.57,2.49,-2.48,-1.75,-2.00,-1.92,-1.92,-1.92
950.00,0.49,2.42,0.48,2.42,-2.41,-1.68,-2.02,-1.93,-1.93,-1.94
959.50,0.40,2.35,0.39,2.35,-2.34,-1.61,-2.04,-1.95,-1.95,-1.96
969.09,0.30,2.26,0.30,2.27,-2.27,-1.54,-2.06,-1.97,-1.97,-1.97
978.78,0.21,2.18,0.20,2.19,-2.19,-1.48,-2.08,-1.98,-1.99,-1.98
988.57,0.11,2.10,0.11,2.11,-2.11,-1.42,-2.09,-2.00,-2.00,-2.00
998.46,0.02,2.03,0.01,2.03,-2.03,-1.37,-2.11,-2.01,-2.01,-2.02
1008.44,-0.08,1.94,-0.09,1.94,-1.94,-1.31,-2.12,-2.03,-2.03,-2.03
1018.53,-0.19,1.85,-0.19,1.86,-1.86,-1.26,-2.12,-2.05,-2.05,-2.05
1028.71,-0.29,1.77,-0.30,1.77,-1.77,-1.21,-2.13,-2.06,-2.07,-2.07
1039.00,-0.40,1.68,-0.40,1.68,-1.68,-1.17,-2.13,-2.09,-2.09,-2.09
1049.39,-0.50,1.59,-0.51,1.59,-1.60,-1.12,-2.13,-2.10,-2.11,-2.10
1059.88,-0.61,1.50,-0.61,1.51,-1.51,-1.08,-2.12,-2.13,-2.12,-2.12
1070.48,-0.69,1.43,-0.70,1.43,-1.43,-1.04,-2.12,-2.12,-2.13,-2.13
1081.19,-0.78,1.35,-0.79,1.35,-1.35,-1.00,-2.11,-2.13,-2.14,-2.14
1092.00,-0.87,1.27,-0.87,1.27,-1.27,-0.96,-2.10,-2.15,-2.14,-2.15
1102.92,-0.95,1.19,-0.95,1.19,-1.20,-0.92,-2.09,-2.15,-2.15,-2.15
1113.95,-1.03,1.11,-1.03,1.12,-1.13,-0.89,-2.08,-2.16,-2.16,-2.15
1125.09,-1.09,1.06,-1.10,1.06,-1.06,-0.86,-2.07,-2.16,-2.16,-2.16
1136.34,-1.16,0.99,-1.17,1.00,-1.00,-0.82,-2.06,-2.16,-2.16,-2.16
1147.70,-1.23,0.93,-1.23,0.94,-0.93,-0.79,-2.04,-2.17,-2.16,-2.17
1159.18,-1.29,0.88,-1.30,0.88,-0.87,-0.76,-2.03,-2.17,-2.17,-2.18
1170.77,-1.36,0.81,-1.36,0.82,-0.81,-0.73,-2.01,-2.18,-2.18,-2.18
1182.48,-1.42,0.76,-1.43,0.76,-0.76,-0.70,-1.99,-2.18,-2.18,-2.19
1194.30,-1.48,0.69,-1.49,0.70,-0.70,-0.67,-1.98,-2.19,-2.19,-2.18
1206.25,-1.54,0.63,-1.54,0.64,-0.65,-0.64,-1.96,-2.20,-2.19,-2.18
1218.31,-1.57,0.60,-1.58,0.60,-0.60,-0.61,-1.95,-2.18,-2.18,-2.18
1230.49,-1.61,0.55,-1.62,0.56,-0.55,-0.59,-1.93,-2.17,-2.17,-2.17
1242.80,-1.65,0.51,-1.66,0.51,-0.50,-0.56,-1.92,-2.16,-2.16,-2.17
1255.22,-1.70,0.46,-1.70,0.46,-0.46,-0.53,-1.90,-2.16,-2.16,-2.17
1267.78,-1.75,0.40,-1.75,0.41,-0.41,-0.50,-1.89,-2.16,-2.16,-2.16
1280.45,-1.78,0.37,-1.79,0.36,-0.36,-0.47,-1.88,-2.15,-2.15,-2.16
1293.26,-1.83,0.31,-1.83,0.32,-0.31,-0.44,-1.87,-2.15,-2.15,-2.15
1306.19,-1.87,0.26,-1.87,0.27,-0.27,-0.41,-1.86,-2.14,-2.14,-2.14
1319.25,-1.91,0.21,-1.92,0.21,-0.22,-0.38,-1.85,-2.13,-2.13,-2.13
1332.45,-1.95,0.16,-1.95,0.17,-0.17,-0.35,-1.84,-2.13,-2.13,-2.12
1345.77,-1.98,0.12,-1.99,0.13,-0.13,-0.32,-1.83,-2.12,-2.12,-2.11
1359.23,-2.01,0.09,-2.01,0.09,-0.09,-0.28,-1.83,-2.10,-2.10,-2.11
1372.82,-2.04,0.05,-2.04,0.06,-0.05,-0.25,-1.82,-2.09,-2.09,-2.10
1386.55,-2.06,0.02,-2.07,0.02,-0.01,-0.22,-1.82,-2.08,-2.08,-2.09
1400.41,-2.09,-0.02,-2.09,-0.02,0.02,-0.18,-1.82,-2.07,-2.07,-2.08
1414.42,-2.11,-0.05,-2.12,-0.05,0.05,-0.15,-1.82,-2.06,-2.07,-2.07
1428.56,-2.14,-0.09,-2.14,-0.08,0.08,-0.12,-1.82,-2.07,-2.07,-2.06
1442.85,-2.15,-0.10,-2.16,-0.10,0.09,-0.08,-1.82,-2.06,-2.07,-2.06
1457.28,-2.17,-0.13,-2.17,-0.12,0.10,-0.06,-1.83,-2.07,-2.07,-2.05
1471.85,-2.16,-0.12,-2.17,-0.12,0.11,-0.03,-1.83,-2.06,-2.06,-2.05
1486.57,-2.15,-0.11,-2.15,-0.11,0.10,-0.01,-1.84,-2.05,-2.05,-2.05
1501.43,-2.13,-0.09,-2.13,-0.09,0.09,0.01,-1.85,-2.04,-2.04,-2.05
1516.45,-2.11,-0.07,-2.12,-0.07,0.08,0.02,-1.86,-2.03,-2.04,-2.05
1531.61,-2.09,-0.05,-2.10,-0.05,0.06,0.02,-1.87,-2.03,-2.04,-2.05
1546.93,-2.08,-0.04,-2.08,-0.04,0.04,0.02,-1.89,-2.04,-2.04,-2.05
1562.40,-2.06,-0.03,-2.06,-0.02,0.02,0.01,-1.90,-2.05,-2.04,-2.04
1578.02,-2.03,0.00,-2.03,0.00,-0.01,-0.02,-1.91,-2.04,-2.04,-2.04
1593.80,-1.99,0.03,-2.00,0.03,-0.04,-0.04,-1.93,-2.04,-2.04,-2.03
1609.74,-1.95,0.07,-1.95,0.07,-0.08,-0.09,-1.95,-2.03,-2.03,-2.03
1625.84,-1.90,0.11,-1.90,0.12,-0.12,-0.13,-1.97,-2.03,-2.02,-2.02
1642.10,-1.84,0.17,-1.85,0.17,-0.17,-0.19,-1.99,-2.02,-2.02,-2.02
1658.52,-1.78,0.23,-1.79,0.23,-0.23,-0.25,-2.01,-2.01,-2.01,-2.02
1675.10,-1.72,0.29,-1.72,0.29,-0.29,-0.32,-2.03,-2.01,-2.01,-2.02
1691.85,-1.66,0.35,-1.66,0.36,-0.36,-0.39,-2.05,-2.02,-2.02,-2.02
1708.77,-1.59,0.43,-1.60,0.43,-0.43,-0.47,-2.07,-2.02,-2.02,-2.03
1725.86,-1.52,0.50,-1.52,0.51,-0.50,-0.55,-2.09,-2.03,-2.03,-2.03
1743.12,-1.44,0.58,-1.45,0.58,-0.59,-0.63,-2.12,-2.03,-2.04,-2.03
1760.55,-1.36,0.67,-1.37,0.67,-0.68,-0.71,-2.14,-2.04,-2.04,-2.04
1778.15,-1.28,0.75,-1.28,0.76,-0.77,-0.80,-2.16,-2.06,-2.05,-2.04
1795.94,-1.17,0.86,-1.18,0.86,-0.87,-0.89,-2.19,-2.05,-2.05,-2.04
1813.90,-1.07,0.97,-1.07,0.97,-0.97,-0.97,-2.21,-2.05,-2.05,-2.05
1832.03,-0.96,1.08,-0.96,1.08,-1.08,-1.06,-2.23,-2.04,-2.04,-2.05
1850.36,-0.85,1.19,-0.86,1.19,-1.18,-1.15,-2.26,-2.03,-2.04,-2.05
1868.86,-0.75,1.28,-0.75,1.28,-1.28,-1.24,-2.28,-2.03,-2.03,-2.04
1887.55,-0.65,1.37,-0.65,1.38,-1.37,-1.32,-2.30,-2.03,-2.02,-2.03
1906.42,-0.54,1.46,-0.54,1.47,-1.46,-1.41,-2.32,-2.01,-2.01,-2.01
1925.49,-0.43,1.55,-0.43,1.55,-1.55,-1.50,-2.34,-1.99,-1.98,-1.99
1944.74,-0.31,1.64,-0.32,1.64,-1.64,-1.59,-2.36,-1.95,-1.96,-1.96
1964.19,-0.20,1.71,-0.20,1.72,-1.72,-1.68,-2.38,-1.93,-1.92,-1.92
1983.83,-0.08,1.79,-0.08,1.80,-1.80,-1.77,-2.40,-1.89,-1.89,-1.88
2003.67,0.04,1.88,0.03,1.88,-1.89,-1.87,-2.42,-1.85,-1.85,-1.85
2023.71,0.15,1.97,0.15,1.97,-1.97,-1.96,-2.43,-1.82,-1.82,-1.83
2043.94,0.26,2.06,0.26,2.06,-2.05,-2.06,-2.45,-1.80,-1.80,-1.81
2064.38,0.37,2.14,0.36,2.15,-2.14,-2.15,-2.46,-1.77,-1.77,-1.78
2085.03,0.47,2.22,0.47,2.23,-2.23,-2.25,-2.48,-1.76,-1.76,-1.76
2105.88,0.59,2.32,0.58,2.31,-2.32,-2.36,-2.49,-1.74,-1.74,-1.74
2126.94,0.70,2.40,0.70,2.41,-2.42,-2.46,-2.50,-1.73,-1.72,-1.71
2148.20,0.82,2.51,0.82,2.52,-2.53,-2.57,-2.52,-1.71,-1.71,-1.70
2169.69,0.95,2.63,0.94,2.63,-2.64,-2.69,-2.53,-1.69,-1.69,-1.69
2191.38,1.08,2.76,1.07,2.76,-2.76,-2.80,-2.54,-1.68,-1.69,-1.69
2213.30,1.20,2.88,1.20,2.89,-2.88,-2.92,-2.55,-1.69,-1.69,-1.69
2235.43,1.32,3.01,1.32,3.02,-3.02,-3.05,-2.57,-1.70,-1.70,-1.70
2257.78,1.46,3.16,1.45,3.16,-3.16,-3.17,-2.58,-1.70,-1.71,-1.71
2280.36,1.59,3.30,1.58,3.30,-3.30,-3.31,-2.59,-1.71,-1.72,-1.72
2303.17,1.72,3.43,1.72,3.44,-3.44,-3.45,-2.61,-1.73,-1.72,-1.72
2326.20,1.86,3.58,1.86,3.59,-3.59,-3.59,-2.62,-1.73,-1.73,-1.73
2349.46,2.00,3.73,2.00,3.74,-3.73,-3.73,-2.64,-1.74,-1.73,-1.74
2372.95,2.15,3.89,2.14,3.89,-3.88,-3.88,-2.65,-1.73,-1.74,-1.75
2396.68,2.28,4.03,2.28,4.03,-4.02,-4.03,-2.67,-1.75,-1.75,-1.76
2420.65,2.42,4.17,2.42,4.18,-4.17,-4.19,-2.69,-1.76,-1.76,-1.76
2444.86,2.56,4.31,2.55,4.32,-4.32,-4.34,-2.71,-1.77,-1.77,-1.76
2469.31,2.70,4.46,2.69,4.46,-4.48,-4.49,-2.74,-1.78,-1.78,-1.77
2494.00,2.84,4.61,2.84,4.62,-4.63,-4.64,-2.76,-1.80,-1.80,-1.78
2518.94,2.99,4.77,2.99,4.78,-4.79,-4.79,-2.79,-1.80,-1.80,-1.79
2544.13,3.15,4.95,3.14,4.95,-4.94,-4.93,-2.82,-1.80,-1.80,-1.81
2569.57,3.31,5.11,3.30,5.11,-5.09,-5.06,-2.85,-1.79,-1.79,-1.81
2595.27,3.46,5.25,3.46,5.26,-5.24,-5.19,-2.88,-1.78,-1.78,-1.80
2621.22,3.63,5.39,3.63,5.39,-5.38,-5.32,-2.92,-1.76,-1.76,-1.77
2647.43,3.80,5.53,3.79,5.52,-5.52,-5.44,-2.95,-1.73,-1.73,-1.74
2673.90,3.96,5.64,3.96,5.65,-5.66,-5.56,-3.00,-1.71,-1.70,-1.69
2700.64,4.13,5.78,4.13,5.78,-5.80,-5.68,-3.04,-1.67,-1.67,-1.66
2727.65,4.30,5.91,4.30,5.91,-5.93,-5.80,-3.09,-1.63,-1.63,-1.62
2754.93,4.48,6.05,4.47,6.05,-6.06,-5.91,-3.13,-1.58,-1.59,-1.58
2782.48,4.65,6.18,4.65,6.19,-6.19,-6.03,-3.19,-1.54,-1.54,-1.54
2810.30,4.82,6.31,4.82,6.32,-6.32,-6.15,-3.24,-1.50,-1.50,-1.50
2838.40,5.00,6.45,4.99,6.45,-6.44,-6.26,-3.30,-1.44,-1.45,-1.46
2866.79,5.16,6.56,5.16,6.56,-6.56,-6.38,-3.36,-1.40,-1.40,-1.41
2895.46,5.32,6.66,5.31,6.67,-6.66,-6.50,-3.42,-1.35,-1.35,-1.35
2924.41,5.47,6.76,5.46,6.76,-6.76,-6.61,-3.49,-1.29,-1.30,-1.30
2953.65,5.61,6.83,5.61,6.84,-6.84,-6.73,-3.55,-1.23,-1.23,-1.23
2983.19,5.76,6.90,5.76,6.91,-6.91,-6.84,-3.63,-1.15,-1.15,-1.15
3013.02,5.91,6.97,5.91,6.97,-6.97,-6.94,-3.70,-1.06,-1.06,-1.07
3043.15,6.06,7.02,6.05,7.02,-7.01,-7.04,-3.78,-0.95,-0.96,-0.97
3073.58,6.18,7.04,6.18,7.04,-7.04,-7.12,-3.86,-0.87,-0.87,-0.87
3104.32,6.30,7.05,6.30,7.05,-7.06,-7.20,-3.94,-0.77,-0.76,-0.76
3135.36,6.42,7.05,6.42,7.06,-7.07,-7.27,-4.02,-0.66,-0.65,-0.64
3166.72,6.54,7.05,6.54,7.06,-7.06,-7.32,-4.11,-0.53,-0.53,-0.52
3198.38,6.66,7.05,6.66,7.05,-7.04,-7.36,-4.19,-0.39,-0.39,-0.40
3230.37,6.77,7.02,6.76,7.02,-7.01,-7.38,-4.28,-0.24,-0.25,-0.26
3262.67,6.87,6.97,6.86,6.97,-6.96,-7.39,-4.37,-0.10,-0.10,-0.11
3295.30,6.95,6.89,6.95,6.90,-6.90,-7.38,-4.46,0.05,0.06,0.05
3328.25,7.04,6.82,7.03,6.82,-6.82,-7.34,-4.56,0.22,0.22,0.21
3361.53,7.11,6.72,7.10,6.73,-6.72,-7.30,-4.65,0.38,0.38,0.38
3395.15,7.17,6.62,7.16,6.62,-6.61,-7.23,-4.74,0.55,0.55,0.54
3429.10,7.21,6.49,7.21,6.50,-6.50,-7.14,-4.83,0.71,0.71,0.71
3463.39,7.25,6.36,7.25,6.37,-6.37,-7.04,-4.91,0.88,0.88,0.88
3498.03,7.28,6.23,7.28,6.23,-6.24,-6.93,-5.00,1.04,1.04,1.04
3533.01,7.30,6.08,7.30,6.09,-6.10,-6.79,-5.08,1.20,1.20,1.21
3568.34,7.32,5.95,7.31,5.95,-5.95,-6.65,-5.16,1.36,1.36,1.36
3604.02,7.32,5.81,7.32,5.81,-5.81,-6.49,-5.23,1.51,1.51,1.50
3640.06,7.32,5.67,7.31,5.67,-5.66,-6.32,-5.30,1.65,1.65,1.64
3676.46,7.30,5.51,7.30,5.52,-5.52,-6.14,-5.36,1.78,1.78,1.78
3713.22,7.28,5.37,7.27,5.37,-5.38,-5.95,-5.41,1.89,1.89,1.90
3750.36,7.25,5.22,7.25,5.23,-5.25,-5.76,-5.46,2.00,2.00,2.02
3787.86,7.23,5.10,7.23,5.10,-5.12,-5.56,-5.49,2.11,2.11,2.12
3825.74,7.21,4.98,7.20,4.99,-4.99,-5.35,-5.52,2.22,2.22,2.22
3864.00,7.18,4.87,7.17,4.87,-4.86,-5.14,-5.53,2.31,2.31,2.30
3902.64,7.14,4.75,7.14,4.75,-4.74,-4.93,-5.54,2.39,2.39,2.38
3941.66,7.09,4.62,7.09,4.63,-4.62,-4.72,-5.53,2.46,2.47,2.46
3981.08,7.04,4.51,7.03,4.51,-4.50,-4.51,-5.51,2.53,2.53,2.52
4020.89,6.98,4.38,6.98,4.39,-4.39,-4.30,-5.47,2.59,2.59,2.59
4061.10,6.92,4.26,6.91,4.26,-4.27,-4.08,-5.43,2.65,2.64,2.65
4101.71,6.85,4.14,6.84,4.14,-4.15,-3.87,-5.37,2.69,2.69,2.70
4142.73,6.77,4.02,6.77,4.03,-4.04,-3.66,-5.30,2.73,2.73,2.74
4184.15,6.70,3.92,6.69,3.92,-3.93,-3.45,-5.22,2.77,2.76,2.77
4226.00,6.61,3.80,6.61,3.81,-3.81,-3.24,-5.12,2.79,2.79,2.80
4268.26,6.52,3.70,6.52,3.70,-3.70,-3.04,-5.02,2.82,2.82,2.81
4310.94,6.42,3.59,6.41,3.59,-3.58,-2.83,-4.91,2.84,2.83,2.82
4354.05,6.30,3.46,6.30,3.46,-3.46,-2.63,-4.78,2.84,2.84,2.83
4397.59,6.17,3.32,6.17,3.33,-3.33,-2.43,-4.65,2.84,2.84,2.84
4441.56,6.03,3.18,6.02,3.18,-3.19,-2.23,-4.51,2.83,2.83,2.84
4485.98,5.88,3.03,5.88,3.03,-3.05,-2.04,-4.36,2.83,2.83,2.84
4530.84,5.72,2.87,5.72,2.88,-2.89,-1.84,-4.21,2.83,2.83,2.84
4576.15,5.56,2.71,5.56,2.71,-2.71,-1.65,-4.05,2.84,2.84,2.84
4621.91,5.39,2.53,5.38,2.53,-2.52,-1.46,-3.89,2.87,2.86,2.85
4668.13,5.20,2.33,5.19,2.33,-2.30,-1.27,-3.72,2.89,2.89,2.86
4714.81,4.98,2.09,4.98,2.09,-2.06,-1.08,-3.55,2.91,2.91,2.88
4761.96,4.74,1.82,4.74,1.82,-1.80,-0.90,-3.38,2.93,2.94,2.91
4809.58,4.50,1.53,4.49,1.53,-1.52,-0.71,-3.21,2.97,2.97,2.96
4857.67,4.24,1.21,4.24,1.22,-1.22,-0.53,-3.03,3.01,3.01,3.02
4906.25,3.98,0.90,3.97,0.90,-0.91,-0.35,-2.85,3.07,3.06,3.07
4955.31,3.70,0.56,3.70,0.57,-0.58,-0.17,-2.67,3.11,3.12,3.13
5004.87,3.43,0.24,3.43,0.25,-0.25,0.01,-2.49,3.17,3.17,3.18
5054.91,3.16,-0.07,3.15,-0.07,0.08,0.18,-2.31,3.23,3.23,3.22
5105.46,2.88,-0.39,2.87,-0.39,0.40,0.36,-2.13,3.28,3.27,3.26
5156.52,2.60,-0.71,2.59,-0.71,0.72,0.53,-1.95,3.31,3.31,3.30
5208.08,2.32,-1.03,2.32,-1.02,1.02,0.71,-1.77,3.33,3.34,3.34
5260.16,2.06,-1.32,2.06,-1.31,1.30,0.88,-1.59,3.36,3.36,3.37
5312.77,1.82,-1.59,1.82,-1.58,1.57,1.05,-1.41,3.38,3.39,3.40
5365.89,1.61,-1.83,1.60,-1.83,1.81,1.22,-1.23,3.41,3.41,3.43
5419.55,1.42,-2.05,1.42,-2.04,2.02,1.39,-1.05,3.44,3.44,3.46
5473.75,1.26,-2.24,1.26,-2.23,2.22,1.56,-0.87,3.47,3.48,3.49
5528.49,1.14,-2.40,1.13,-2.39,2.38,1.73,-0.69,3.52,3.51,3.53
5583.77,1.03,-2.54,1.03,-2.53,2.53,1.90,-0.51,3.55,3.56,3.56
5639.61,0.95,-2.65,0.94,-2.65,2.65,2.06,-0.33,3.60,3.60,3.59
5696.00,0.87,-2.77,0.86,-2.76,2.77,2.22,-0.15,3.64,3.64,3.63
5752.96,0.80,-2.89,0.80,-2.87,2.88,2.38,0.03,3.68,3.68,3.68
5810.49,0.76,-2.98,0.75,-2.98,2.99,2.54,0.21,3.74,3.73,3.73
5868.60,0.71,-3.10,0.70,-3.08,3.09,2.70,0.39,3.80,3.79,3.80
5927.28,0.67,-3.20,0.65,-3.19,3.20,2.85,0.58,3.86,3.85,3.86
5986.56,0.62,-3.33,0.60,-3.31,3.31,3.00,0.76,3.93,3.91,3.94
6046.42,0.57,-3.44,0.54,-3.42,3.43,3.14,0.94,3.99,3.97,4.00
6106.89,0.51,-3.56,0.47,-3.53,3.55,3.28,1.13,4.05,4.02,4.06
6167.96,0.43,-3.68,0.37,-3.65,3.67,3.41,1.32,4.09,4.04,4.10
6229.64,0.33,-3.82,0.25,-3.77,3.78,3.54,1.50,4.11,4.04,4.14
6291.93,0.22,-3.95,0.11,-3.90,3.89,3.66,1.69,4.10,4.00,4.16
6354.85,0.10,-4.09,-0.04,-4.00,3.98,3.78,1.88,4.08,3.94,4.18
6418.40,-0.02,-4.19,-0.20,-4.08,4.06,3.88,2.07,4.03,3.86,4.16
6482.58,-0.13,-4.26,-0.38,-4.14,4.12,3.98,2.26,3.98,3.74,4.12
6547.41,-0.26,-4.32,-0.58,-4.17,4.15,4.07,2.45,3.89,3.57,4.05
6612.88,-0.42,-4.36,-0.82,-4.18,4.17,4.15,2.65,3.75,3.35,3.93
6679.01,-0.60,-4.39,-1.09,-4.17,4.17,4.22,2.84,3.57,3.08,3.78
6745.80,-0.82,-4.40,-1.40,-4.16,4.16,4.28,3.03,3.33,2.76,3.57
6813.26,-1.08,-4.41,-1.73,-4.13,4.13,4.33,3.22,3.05,2.40,3.32
6881.39,-1.38,-4.40,-2.08,-4.09,4.10,4.37,3.41,2.71,2.02,3.01
6950.21,-1.71,-4.37,-2.42,-4.06,4.06,4.40,3.60,2.35,1.64,2.65
7019.71,-2.09,-4.35,-2.75,-4.02,4.02,4.42,3.79,1.93,1.27,2.25
7089.91,-2.48,-4.29,-3.05,-3.98,3.98,4.42,3.97,1.50,0.93,1.80
7160.81,-2.90,-4.22,-3.31,-3.94,3.94,4.42,4.15,1.04,0.63,1.31
7232.41,-3.34,-4.14,-3.54,-3.90,3.90,4.41,4.31,0.56,0.36,0.79
7304.74,-3.77,-4.01,-3.73,-3.87,3.87,4.39,4.48,0.10,0.14,0.23
7377.79,-4.21,-3.88,-3.89,-3.83,3.84,4.35,4.63,-0.38,-0.06,-0.34
7451.56,-4.64,-3.73,-4.03,-3.81,3.81,4.31,4.78,-0.84,-0.22,-0.92
7526.08,-5.03,-3.53,-4.14,-3.78,3.78,4.26,4.91,-1.26,-0.36,-1.51
7601.34,-5.39,-3.32,-4.23,-3.75,3.75,4.20,5.04,-1.64,-0.48,-2.08
7677.35,-5.70,-3.07,-4.32,-3.73,3.73,4.14,5.14,-1.98,-0.59,-2.64
7754.13,-5.97,-2.81,-4.39,-3.70,3.71,4.07,5.24,-2.27,-0.69,-3.17
7831.67,-6.19,-2.53,-4.46,-3.68,3.68,3.99,5.31,-2.51,-0.78,-3.67
7909.98,-6.39,-2.28,-4.52,-3.66,3.66,3.91,5.38,-2.74,-0.86,-4.12
7989.08,-6.60,-2.10,-4.57,-3.63,3.63,3.83,5.41,-2.97,-0.94,-4.51
8068.98,-6.81,-1.97,-4.62,-3.60,3.60,3.74,5.44,-3.21,-1.02,-4.85
8149.67,-7.02,-1.90,-4.67,-3.57,3.57,3.65,5.43,-3.45,-1.09,-5.13
8231.16,-7.26,-1.94,-4.71,-3.54,3.54,3.56,5.42,-3.73,-1.17,-5.33
8313.47,-7.54,-2.09,-4.74,-3.50,3.50,3.46,5.38,-4.05,-1.24,-5.46
8396.61,-7.85,-2.35,-4.76,-3.46,3.45,3.37,5.34,-4.40,-1.31,-5.51
8480.57,-8.19,-2.72,-4.78,-3.41,3.40,3.27,5.26,-4.79,-1.38,-5.48
8565.38,-8.55,-3.18,-4.80,-3.35,3.34,3.18,5.19,-5.21,-1.45,-5.38
8651.03,-8.90,-3.70,-4.81,-3.28,3.28,3.08,5.09,-5.62,-1.53,-5.21
8737.54,-9.20,-4.21,-4.81,-3.21,3.21,2.99,4.98,-5.99,-1.60,-5.00
8824.92,-9.48,-4.75,-4.81,-3.14,3.14,2.90,4.86,-6.35,-1.68,-4.74
8913.17,-9.70,-5.25,-4.81,-3.06,3.06,2.80,4.74,-6.64,-1.75,-4.46
9002.30,-9.82,-5.68,-4.81,-2.98,2.98,2.71,4.60,-6.84,-1.83,-4.15
9092.32,-9.85,-6.03,-4.81,-2.90,2.90,2.62,4.46,-6.95,-1.91,-3.83
9183.25,-9.77,-6.28,-4.81,-2.82,2.82,2.53,4.32,-6.96,-1.99,-3.50
9275.08,-9.58,-6.41,-4.81,-2.74,2.74,2.45,4.17,-6.85,-2.07,-3.18
9367.83,-9.28,-6.39,-4.81,-2.66,2.66,2.36,4.02,-6.63,-2.15,-2.90
9461.51,-8.90,-6.24,-4.81,-2.58,2.59,2.28,3.87,-6.32,-2.23,-2.67
9556.12,-8.44,-5.95,-4.82,-2.51,2.52,2.20,3.72,-5.93,-2.30,-2.50
9651.68,-7.92,-5.52,-4.82,-2.45,2.45,2.12,3.57,-5.47,-2.37,-2.41
9748.20,-7.37,-5.01,-4.84,-2.39,2.40,2.05,3.43,-4.98,-2.44,-2.37
9845.68,-6.79,-4.42,-4.85,-2.34,2.35,1.97,3.28,-4.45,-2.51,-2.38
9944.14,-6.23,-3.80,-4.88,-2.30,2.30,1.90,3.14,-3.93,-2.57,-2.44
10043.58,-5.70,-3.18,-4.90,-2.26,2.26,1.83,2.99,-3.44,-2.64,-2.53
10144.02,-5.22,-2.59,-4.99,-2.23,2.22,1.76,2.86,-3.00,-2.76,-2.64
10245.46,-4.78,-2.04,-5.07,-2.19,2.19,1.70,2.72,-2.60,-2.88,-2.75
10347.91,-4.38,-1.51,-5.16,-2.16,2.15,1.64,2.59,-2.23,-3.00,-2.88
10451.39,-4.04,-1.08,-5.25,-2.12,2.12,1.57,2.46,-1.92,-3.13,-2.97
10555.91,-3.73,-0.71,-5.33,-2.09,2.08,1.51,2.34,-1.65,-3.25,-3.03
10661.46,-3.46,-0.40,-5.42,-2.05,2.05,1.46,2.21,-1.42,-3.37,-3.07
10768.08,-3.23,-0.12,-5.50,-2.01,2.01,1.40,2.10,-1.23,-3.50,-3.12
10875.76,-3.03,0.12,-5.59,-1.97,1.97,1.35,1.98,-1.07,-3.62,-3.16
10984.52,-2.87,0.30,-5.68,-1.93,1.93,1.30,1.87,-0.94,-3.75,-3.18
11094.36,-2.73,0.42,-5.76,-1.89,1.89,1.25,1.76,-0.85,-3.87,-3.16
11205.31,-2.61,0.49,-5.85,-1.85,1.85,1.20,1.66,-0.77,-4.00,-3.11
11317.36,-2.53,0.53,-5.94,-1.81,1.81,1.15,1.55,-0.73,-4.13,-3.07
11430.53,-2.48,0.59,-6.02,-1.76,1.76,1.11,1.46,-0.72,-4.26,-3.08
11544.84,-2.45,0.67,-6.11,-1.72,1.72,1.06,1.36,-0.74,-4.39,-3.13
11660.29,-2.45,0.76,-6.20,-1.68,1.68,1.02,1.26,-0.78,-4.52,-3.22
11776.89,-2.48,0.84,-6.29,-1.63,1.63,0.98,1.17,-0.85,-4.66,-3.33
11894.66,-2.54,0.93,-6.38,-1.59,1.59,0.94,1.08,-0.96,-4.79,-3.48
12013.60,-2.62,1.02,-6.46,-1.54,1.54,0.91,0.99,-1.09,-4.92,-3.65
12133.74,-2.70,1.13,-6.55,-1.49,1.49,0.87,0.91,-1.21,-5.06,-3.84
12255.08,-2.80,1.23,-6.64,-1.44,1.44,0.84,0.82,-1.36,-5.20,-4.04
12377.63,-2.91,1.32,-6.73,-1.40,1.40,0.80,0.74,-1.52,-5.33,-4.24
12501.41,-3.01,1.43,-6.82,-1.35,1.35,0.77,0.65,-1.67,-5.47,-4.45
12626.42,-3.11,1.53,-6.90,-1.30,1.30,0.74,0.57,-1.82,-5.61,-4.65
12752.68,-3.21,1.60,-6.99,-1.25,1.25,0.71,0.49,-1.97,-5.75,-4.82
12880.21,-3.31,1.65,-7.08,-1.20,1.20,0.68,0.41,-2.12,-5.89,-4.97
13009.01,-3.41,1.63,-7.17,-1.14,1.14,0.65,0.32,-2.27,-6.03,-5.05
13139.10,-3.50,1.55,-7.26,-1.09,1.09,0.62,0.24,-2.41,-6.17,-5.06
13270.49,-3.60,1.41,-7.35,-1.04,1.04,0.60,0.16,-2.57,-6.31,-5.02
13403.20,-3.70,1.23,-7.44,-0.98,0.98,0.57,0.07,-2.72,-6.46,-4.94
13537.23,-3.81,1.02,-7.53,-0.93,0.93,0.55,-0.02,-2.88,-6.60,-4.84
13672.60,-3.91,0.80,-7.62,-0.87,0.87,0.53,-0.11,-3.04,-6.74,-4.72
13809.33,-4.02,0.56,-7.71,-0.82,0.82,0.50,-0.20,-3.21,-6.89,-4.59
13947.42,-4.14,0.30,-7.80,-0.76,0.76,0.48,-0.29,-3.38,-7.04,-4.45
14086.90,-4.26,0.06,-7.89,-0.71,0.71,0.46,-0.39,-3.56,-7.18,-4.33
14227.77,-4.41,-0.20,-7.98,-0.65,0.65,0.44,-0.49,-3.77,-7.33,-4.22
14370.04,-4.57,-0.42,-8.07,-0.59,0.59,0.42,-0.59,-3.99,-7.48,-4.16
14513.74,-4.75,-0.62,-8.16,-0.53,0.53,0.40,-0.70,-4.23,-7.63,-4.14
14658.88,-4.94,-0.77,-8.25,-0.47,0.47,0.39,-0.81,-4.48,-7.78,-4.18
14805.47,-5.15,-0.88,-8.34,-0.41,0.41,0.37,-0.92,-4.75,-7.93,-4.28
14953.52,-5.39,-0.95,-8.43,-0.35,0.35,0.35,-1.04,-5.05,-8.09,-4.45
15103.06,-5.65,-0.97,-8.53,-0.28,0.28,0.34,-1.15,-5.37,-8.24,-4.69
15254.09,-5.94,-0.94,-8.62,-0.22,0.22,0.32,-1.26,-5.72,-8.40,-5.01
15406.63,-6.26,-0.86,-8.71,-0.16,0.16,0.31,-1.36,-6.11,-8.55,-5.41
15560.70,-6.60,-0.73,-8.80,-0.09,0.09,0.29,-1.45,-6.51,-8.71,-5.88
15716.30,-6.98,-0.57,-8.89,-0.03,0.03,0.28,-1.51,-6.96,-8.86,-6.42
15873.47,-7.40,-0.43,-8.98,0.04,-0.04,0.26,-1.57,-7.44,-9.02,-6.98
16032.20,-7.87,-0.33,-9.08,0.10,-0.10,0.25,-1.59,-7.98,-9.18,-7.55
16192.52,-8.37,-0.27,-9.17,0.17,-0.17,0.24,-1.59,-8.55,-9.34,-8.11
16354.45,-8.92,-0.28,-9.26,0.24,-0.24,0.23,-1.56,-9.16,-9.50,-8.65
16517.99,-9.47,-0.31,-9.35,0.31,-0.31,0.22,-1.51,-9.78,-9.66,-9.17
16683.17,-10.03,-0.38,-9.45,0.38,-0.38,0.21,-1.43,-10.41,-9.82,-9.66
16850.01,-10.60,-0.55,-9.54,0.45,-0.45,0.19,-1.33,-11.05,-9.98,-10.06
17018.51,-11.17,-0.78,-9.63,0.52,-0.52,0.18,-1.22,-11.69,-10.15,-10.40
17188.69,-11.70,-1.04,-9.72,0.59,-0.59,0.18,-1.11,-12.29,-10.31,-10.67
17360.58,-12.20,-1.28,-9.82,0.66,-0.66,0.17,-0.99,-12.86,-10.48,-10.93
17534.18,-12.64,-1.45,-9.91,0.73,-0.73,0.16,-0.88,-13.38,-10.64,-11.20
17709.53,-13.01,-1.49,-10.00,0.81,-0.81,0.15,-0.77,-13.82,-10.81,-11.53
17886.62,-13.32,-1.55,-10.10,0.88,-0.88,0.14,-0.67,-14.20,-10.98,-11.78
18065.49,-13.55,-1.41,-10.19,0.95,-0.95,0.13,-0.58,-14.51,-11.15,-12.15
18246.14,-13.77,-1.24,-10.29,1.03,-1.03,0.13,-0.50,-14.80,-11.32,-12.54
18428.60,-13.95,-0.98,-10.38,1.11,-1.11,0.12,-0.42,-15.06,-11.49,-12.98
18612.89,-14.10,-0.60,-10.47,1.18,-1.18,0.11,-0.36,-15.29,-11.66,-13.51
18799.02,-14.19,-0.08,-10.57,1.26,-1.26,0.11,-0.30,-15.45,-11.83,-14.12
18987.01,-14.24,0.45,-10.66,1.34,-1.34,0.10,-0.25,-15.58,-12.00,-14.70
19176.88,-14.25,0.99,-10.76,1.42,-1.42,0.10,-0.21,-15.67,-12.18,-15.25
19368.65,-14.21,1.64,-10.85,1.50,-1.50,0.09,-0.18,-15.71,-12.35,-15.86
19562.33,-14.13,2.70,-10.95,1.58,-1.58,0.09,-0.14,-15.71,-12.53,-16.84
19757.96,-14.00,3.72,-11.04,1.66,-1.66,0.08,-0.11,-15.66,-12.70,-17.73
19955.54,-13.82,4.73,-11.14,1.74,-1.74,0.08,-0.08,-15.56,-12.88,-18.56
