frequency,raw,error,smoothed,error_smoothed,equalization,parametric_eq,fixed_band_eq,equalized_raw,equalized_smoothed,target
20.00,-5.35,-7.83,-5.37,-7.85,6.00,4.46,2.42,0.65,0.63,2.48
20.20,-5.34,-7.82,-5.33,-7.80,6.00,4.46,2.49,0.66,0.67,2.48
20.40,-5.29,-7.77,-5.28,-7.75,6.00,4.46,2.56,0.71,0.72,2.48
20.61,-5.21,-7.69,-5.22,-7.70,6.00,4.46,2.63,0.79,0.78,2.48
20.81,-5.13,-7.61,-5.14,-7.62,6.00,4.46,2.71,0.87,0.86,2.48
21.02,-5.07,-7.55,-5.07,-7.54,6.00,4.46,2.79,0.93,0.93,2.48
21.23,-5.00,-7.48,-5.00,-7.47,6.00,4.46,2.87,1.00,1.00,2.48
21.44,-4.92,-7.40,-4.93,-7.41,6.00,4.46,2.95,1.08,1.07,2.48
21.66,-4.86,-7.34,-4.86,-7.34,6.00,4.45,3.03,1.14,1.14,2.48
21.87,-4.79,-7.27,-4.79,-7.26,6.00,4.45,3.12,1.21,1.21,2.48
22.09,-4.71,-7.19,-4.71,-7.19,6.00,4.45,3.21,1.29,1.29,2.48
22.31,-4.64,-7.12,-4.64,-7.11,6.00,4.45,3.31,1.36,1.36,2.48
22.54,-4.56,-7.04,-4.57,-7.04,6.00,4.45,3.40,1.44,1.43,2.47
22.76,-4.50,-6.98,-4.50,-6.98,6.00,4.45,3.50,1.50,1.50,2.47
22.99,-4.44,-6.92,-4.44,-6.91,6.00,4.44,3.60,1.56,1.56,2.47
23.22,-4.37,-6.85,-4.37,-6.84,6.00,4.44,3.70,1.63,1.63,2.47
23.45,-4.29,-6.77,-4.30,-6.78,6.00,4.44,3.80,1.71,1.70,2.47
23.69,-4.24,-6.72,-4.23,-6.70,6.00,4.44,3.91,1.76,1.77,2.47
23.92,-4.16,-6.63,-4.16,-6.64,6.00,4.44,4.02,1.84,1.84,2.47
24.16,-4.09,-6.56,-4.10,-6.57,6.00,4.44,4.13,1.91,1.90,2.47
24.40,-4.03,-6.50,-4.03,-6.50,6.00,4.43,4.24,1.97,1.97,2.47
24.65,-3.96,-6.43,-3.96,-6.43,6.00,4.43,4.36,2.04,2.04,2.47
24.89,-3.90,-6.37,-3.90,-6.37,6.01,4.43,4.47,2.10,2.11,2.47
25.14,-3.83,-6.30,-3.83,-6.30,6.01,4.43,4.59,2.18,2.18,2.47
25.39,-3.77,-6.24,-3.77,-6.24,6.01,4.43,4.70,2.24,2.24,2.47
25.65,-3.71,-6.18,-3.71,-6.18,6.01,4.42,4.82,2.30,2.30,2.47
25.91,-3.65,-6.12,-3.65,-6.12,6.00,4.42,4.94,2.34,2.35,2.47
26.16,-3.58,-6.05,-3.59,-6.05,5.98,4.42,5.06,2.40,2.39,2.47
26.43,-3.52,-5.99,-3.52,-5.99,5.95,4.42,5.18,2.43,2.43,2.47
26.69,-3.46,-5.93,-3.46,-5.92,5.91,4.41,5.29,2.45,2.45,2.46
26.96,-3.39,-5.86,-3.40,-5.86,5.86,4.41,5.41,2.47,2.47,2.46
27.23,-3.34,-5.81,-3.34,-5.80,5.81,4.41,5.52,2.47,2.47,2.46
27.50,-3.27,-5.74,-3.27,-5.74,5.75,4.40,5.63,2.47,2.47,2.46
27.77,-3.21,-5.67,-3.21,-5.67,5.68,4.40,5.73,2.47,2.47,2.46
28.05,-3.15,-5.61,-3.15,-5.61,5.62,4.40,5.84,2.46,2.47,2.46
28.33,-3.09,-5.55,-3.09,-5.55,5.55,4.40,5.93,2.46,2.46,2.46
28.62,-3.03,-5.49,-3.03,-5.49,5.49,4.39,6.02,2.46,2.46,2.46
28.90,-2.97,-5.43,-2.98,-5.43,5.44,4.39,6.11,2.46,2.46,2.46
29.19,-2.92,-5.38,-2.92,-5.38,5.38,4.38,6.19,2.46,2.46,2.46
29.48,-2.87,-5.33,-2.87,-5.33,5.32,4.38,6.25,2.45,2.45,2.46
29.78,-2.82,-5.28,-2.82,-5.27,5.27,4.38,6.32,2.44,2.45,2.45
30.08,-2.76,-5.22,-2.76,-5.21,5.21,4.37,6.37,2.45,2.45,2.45
30.38,-2.70,-5.16,-2.70,-5.16,5.16,4.37,6.41,2.46,2.45,2.45
30.68,-2.64,-5.09,-2.65,-5.10,5.10,4.36,6.44,2.46,2.46,2.45
30.99,-2.60,-5.05,-2.60,-5.05,5.05,4.36,6.47,2.45,2.45,2.45
31.30,-2.55,-5.00,-2.55,-5.00,5.00,4.35,6.48,2.45,2.45,2.45
31.61,-2.50,-4.95,-2.50,-4.95,4.95,4.35,6.49,2.44,2.44,2.45
31.93,-2.45,-4.90,-2.45,-4.90,4.90,4.34,6.48,2.44,2.45,2.44
32.24,-2.39,-4.84,-2.40,-4.85,4.85,4.34,6.46,2.45,2.44,2.44
32.57,-2.36,-4.80,-2.35,-4.80,4.80,4.33,6.43,2.43,2.44,2.44
32.89,-2.31,-4.75,-2.31,-4.75,4.75,4.33,6.40,2.44,2.44,2.44
33.22,-2.25,-4.69,-2.27,-4.70,4.70,4.32,6.35,2.45,2.43,2.44
33.55,-2.22,-4.66,-2.21,-4.65,4.65,4.31,6.30,2.43,2.44,2.44
33.89,-2.17,-4.61,-2.17,-4.60,4.60,4.31,6.24,2.43,2.44,2.43
34.23,-2.11,-4.55,-2.12,-4.56,4.56,4.30,6.18,2.44,2.43,2.43
34.57,-2.08,-4.51,-2.08,-4.51,4.51,4.29,6.11,2.43,2.43,2.43
34.92,-2.03,-4.46,-2.03,-4.46,4.46,4.29,6.03,2.43,2.43,2.43
35.27,-1.99,-4.42,-1.99,-4.42,4.41,4.28,5.95,2.42,2.42,2.43
35.62,-1.94,-4.37,-1.94,-4.37,4.37,4.27,5.86,2.43,2.42,2.42
35.97,-1.90,-4.32,-1.90,-4.32,4.32,4.26,5.77,2.42,2.42,2.42
36.33,-1.85,-4.27,-1.86,-4.28,4.28,4.25,5.68,2.43,2.42,2.42
36.70,-1.82,-4.24,-1.82,-4.24,4.24,4.24,5.59,2.42,2.42,2.42
37.06,-1.78,-4.20,-1.78,-4.19,4.20,4.23,5.49,2.42,2.42,2.41
37.43,-1.74,-4.15,-1.75,-4.16,4.16,4.22,5.40,2.41,2.41,2.41
37.81,-1.71,-4.12,-1.71,-4.12,4.12,4.21,5.30,2.40,2.40,2.41
38.19,-1.68,-4.09,-1.68,-4.08,4.08,4.20,5.21,2.40,2.40,2.41
38.57,-1.64,-4.05,-1.64,-4.04,4.04,4.19,5.11,2.40,2.40,2.40
38.95,-1.59,-3.99,-1.60,-4.00,4.00,4.18,5.02,2.41,2.40,2.40
39.34,-1.56,-3.96,-1.56,-3.96,3.96,4.17,4.93,2.40,2.40,2.40
39.74,-1.53,-3.93,-1.53,-3.92,3.93,4.15,4.84,2.39,2.40,2.39
40.14,-1.50,-3.89,-1.50,-3.89,3.89,4.14,4.75,2.39,2.39,2.39
40.54,-1.47,-3.86,-1.47,-3.86,3.86,4.13,4.67,2.38,2.38,2.39
40.94,-1.44,-3.82,-1.44,-3.82,3.82,4.11,4.58,2.38,2.38,2.38
41.35,-1.41,-3.79,-1.41,-3.79,3.79,4.10,4.50,2.38,2.38,2.38
41.76,-1.37,-3.75,-1.38,-3.75,3.76,4.08,4.43,2.39,2.38,2.37
42.18,-1.36,-3.73,-1.36,-3.73,3.73,4.06,4.35,2.37,2.37,2.37
42.60,-1.32,-3.69,-1.33,-3.70,3.70,4.05,4.28,2.37,2.37,2.37
43.03,-1.32,-3.68,-1.31,-3.67,3.67,4.03,4.21,2.34,2.36,2.36
43.46,-1.27,-3.63,-1.28,-3.64,3.64,4.01,4.15,2.36,2.35,2.36
43.90,-1.27,-3.62,-1.26,-3.61,3.61,3.99,4.08,2.34,2.35,2.35
44.33,-1.22,-3.57,-1.23,-3.58,3.58,3.97,4.02,2.36,2.35,2.35
44.78,-1.22,-3.56,-1.21,-3.55,3.56,3.95,3.97,2.34,2.35,2.34
45.23,-1.18,-3.52,-1.20,-3.53,3.53,3.92,3.91,2.35,2.34,2.34
45.68,-1.18,-3.51,-1.18,-3.51,3.51,3.90,3.86,2.33,2.33,2.33
46.13,-1.18,-3.51,-1.16,-3.49,3.49,3.88,3.81,2.30,2.32,2.32
46.60,-1.13,-3.45,-1.15,-3.47,3.46,3.85,3.77,2.33,2.31,2.32
47.06,-1.13,-3.45,-1.13,-3.45,3.44,3.83,3.73,2.31,2.31,2.31
47.53,-1.13,-3.44,-1.11,-3.42,3.42,3.80,3.69,2.29,2.31,2.31
48.01,-1.08,-3.38,-1.10,-3.40,3.40,3.77,3.65,2.32,2.30,2.30
48.49,-1.08,-3.38,-1.09,-3.38,3.38,3.75,3.62,2.30,2.30,2.29
48.97,-1.08,-3.37,-1.08,-3.37,3.36,3.72,3.59,2.28,2.28,2.29
49.46,-1.08,-3.36,-1.08,-3.36,3.35,3.69,3.56,2.26,2.27,2.28
49.96,-1.07,-3.34,-1.07,-3.34,3.33,3.66,3.53,2.26,2.27,2.27
50.46,-1.04,-3.31,-1.05,-3.32,3.32,3.63,3.51,2.27,2.26,2.26
50.96,-1.04,-3.30,-1.04,-3.30,3.30,3.60,3.49,2.26,2.26,2.25
51.47,-1.04,-3.29,-1.04,-3.29,3.29,3.57,3.47,2.25,2.25,2.25
51.99,-1.04,-3.28,-1.04,-3.28,3.28,3.54,3.45,2.24,2.24,2.24
52.51,-1.04,-3.27,-1.04,-3.27,3.27,3.50,3.43,2.22,2.22,2.23
53.03,-1.04,-3.26,-1.04,-3.26,3.26,3.47,3.42,2.21,2.21,2.22
53.56,-1.04,-3.25,-1.04,-3.25,3.25,3.44,3.40,2.20,2.20,2.21
54.10,-1.04,-3.24,-1.04,-3.24,3.24,3.41,3.39,2.20,2.20,2.20
54.64,-1.04,-3.23,-1.04,-3.23,3.23,3.39,3.37,2.19,2.19,2.19
55.18,-1.04,-3.22,-1.05,-3.23,3.23,3.36,3.36,2.19,2.18,2.18
55.74,-1.05,-3.22,-1.06,-3.23,3.23,3.33,3.35,2.17,2.17,2.17
56.29,-1.08,-3.24,-1.07,-3.22,3.23,3.31,3.34,2.14,2.16,2.16
56.86,-1.08,-3.23,-1.09,-3.23,3.23,3.28,3.32,2.15,2.14,2.14
57.42,-1.09,-3.22,-1.10,-3.23,3.23,3.26,3.31,2.14,2.13,2.13
58.00,-1.13,-3.25,-1.12,-3.24,3.24,3.24,3.30,2.11,2.12,2.12
58.58,-1.13,-3.24,-1.15,-3.25,3.25,3.22,3.28,2.12,2.11,2.11
59.16,-1.18,-3.28,-1.17,-3.26,3.26,3.21,3.27,2.08,2.09,2.09
59.76,-1.19,-3.27,-1.20,-3.28,3.27,3.19,3.25,2.08,2.08,2.08
60.35,-1.22,-3.29,-1.22,-3.29,3.29,3.18,3.23,2.06,2.06,2.06
60.96,-1.25,-3.30,-1.25,-3.30,3.30,3.17,3.21,2.05,2.05,2.05
61.57,-1.27,-3.31,-1.28,-3.31,3.31,3.16,3.19,2.04,2.04,2.03
62.18,-1.31,-3.33,-1.30,-3.32,3.33,3.16,3.17,2.01,2.02,2.02
62.80,-1.32,-3.33,-1.34,-3.34,3.34,3.15,3.14,2.02,2.00,2.00
63.43,-1.36,-3.35,-1.37,-3.35,3.35,3.15,3.12,1.99,1.99,1.99
64.07,-1.41,-3.38,-1.39,-3.36,3.36,3.15,3.09,1.95,1.97,1.97
64.71,-1.41,-3.36,-1.43,-3.38,3.38,3.15,3.06,1.96,1.95,1.95
65.35,-1.45,-3.39,-1.45,-3.39,3.39,3.15,3.03,1.93,1.93,1.93
66.01,-1.48,-3.40,-1.48,-3.39,3.40,3.15,3.00,1.91,1.92,1.92
66.67,-1.50,-3.40,-1.51,-3.41,3.40,3.15,2.96,1.90,1.89,1.90
67.33,-1.53,-3.41,-1.53,-3.40,3.41,3.15,2.93,1.87,1.88,1.88
68.01,-1.55,-3.41,-1.55,-3.40,3.40,3.15,2.89,1.85,1.86,1.86
68.69,-1.55,-3.39,-1.57,-3.40,3.40,3.15,2.85,1.85,1.83,1.84
69.37,-1.59,-3.41,-1.58,-3.40,3.39,3.15,2.81,1.80,1.81,1.81
70.07,-1.59,-3.39,-1.59,-3.38,3.38,3.15,2.77,1.79,1.79,1.79
70.77,-1.59,-3.36,-1.60,-3.37,3.36,3.15,2.73,1.77,1.77,1.77
71.48,-1.59,-3.34,-1.59,-3.34,3.34,3.15,2.69,1.75,1.75,1.75
72.19,-1.59,-3.32,-1.59,-3.32,3.32,3.15,2.65,1.73,1.73,1.72
72.91,-1.59,-3.29,-1.59,-3.29,3.30,3.15,2.61,1.71,1.71,1.70
73.64,-1.59,-3.27,-1.59,-3.27,3.27,3.14,2.57,1.68,1.68,1.68
74.38,-1.59,-3.24,-1.60,-3.25,3.24,3.14,2.53,1.65,1.65,1.65
75.12,-1.59,-3.22,-1.59,-3.22,3.21,3.13,2.49,1.62,1.62,1.62
75.87,-1.59,-3.19,-1.58,-3.18,3.17,3.12,2.45,1.58,1.59,1.60
76.63,-1.55,-3.12,-1.56,-3.14,3.13,3.11,2.41,1.58,1.57,1.57
77.40,-1.55,-3.10,-1.54,-3.09,3.09,3.10,2.37,1.53,1.54,1.54
78.17,-1.51,-3.03,-1.52,-3.04,3.04,3.09,2.34,1.53,1.52,1.52
78.95,-1.50,-2.99,-1.50,-2.99,2.99,3.08,2.30,1.49,1.49,1.49
79.74,-1.47,-2.93,-1.47,-2.93,2.94,3.06,2.26,1.46,1.46,1.46
80.54,-1.45,-2.88,-1.45,-2.88,2.88,3.05,2.23,1.43,1.43,1.43
81.35,-1.43,-2.83,-1.43,-2.83,2.83,3.03,2.20,1.40,1.40,1.40
82.16,-1.41,-2.78,-1.41,-2.78,2.78,3.02,2.17,1.37,1.37,1.37
82.98,-1.39,-2.73,-1.39,-2.73,2.73,3.00,2.14,1.33,1.34,1.34
83.81,-1.36,-2.67,-1.37,-2.68,2.68,2.98,2.11,1.32,1.31,1.31
84.65,-1.36,-2.64,-1.35,-2.62,2.63,2.96,2.08,1.27,1.28,1.27
85.50,-1.32,-2.56,-1.33,-2.57,2.58,2.94,2.05,1.26,1.25,1.24
86.35,-1.32,-2.53,-1.33,-2.54,2.53,2.91,2.03,1.21,1.20,1.21
87.22,-1.32,-2.50,-1.32,-2.49,2.48,2.89,2.00,1.16,1.17,1.17
88.09,-1.32,-2.46,-1.31,-2.45,2.44,2.87,1.98,1.12,1.13,1.14
88.97,-1.27,-2.38,-1.29,-2.39,2.40,2.84,1.96,1.12,1.11,1.11
89.86,-1.27,-2.34,-1.27,-2.35,2.35,2.81,1.94,1.08,1.08,1.07
90.76,-1.27,-2.31,-1.27,-2.30,2.31,2.79,1.93,1.04,1.04,1.03
91.66,-1.27,-2.27,-1.27,-2.27,2.27,2.76,1.91,1.00,1.00,1.00
92.58,-1.27,-2.24,-1.27,-2.24,2.23,2.73,1.89,0.96,0.96,0.96
93.51,-1.27,-2.20,-1.27,-2.20,2.20,2.70,1.88,0.92,0.92,0.93
94.44,-1.27,-2.16,-1.27,-2.16,2.16,2.67,1.87,0.89,0.89,0.89
95.39,-1.27,-2.13,-1.27,-2.12,2.13,2.64,1.86,0.86,0.86,0.85
96.34,-1.27,-2.09,-1.28,-2.10,2.11,2.61,1.85,0.83,0.82,0.82
97.30,-1.29,-2.07,-1.30,-2.07,2.08,2.58,1.84,0.78,0.78,0.78
98.28,-1.32,-2.06,-1.31,-2.05,2.04,2.55,1.83,0.72,0.73,0.74
99.26,-1.32,-2.03,-1.32,-2.03,2.01,2.52,1.83,0.69,0.69,0.70
100.25,-1.32,-1.99,-1.33,-1.99,1.98,2.49,1.82,0.66,0.66,0.67
101.25,-1.32,-1.95,-1.32,-1.95,1.95,2.46,1.82,0.63,0.63,0.63
102.27,-1.32,-1.91,-1.32,-1.91,1.92,2.42,1.81,0.59,0.60,0.59
103.29,-1.32,-1.87,-1.32,-1.87,1.88,2.39,1.81,0.56,0.56,0.55
104.32,-1.32,-1.83,-1.33,-1.84,1.85,2.36,1.81,0.53,0.52,0.51
105.37,-1.34,-1.82,-1.34,-1.81,1.81,2.33,1.81,0.47,0.48,0.47
106.42,-1.34,-1.78,-1.35,-1.78,1.78,2.29,1.81,0.44,0.43,0.44
107.48,-1.36,-1.76,-1.36,-1.75,1.74,2.26,1.81,0.38,0.39,0.40
108.56,-1.36,-1.72,-1.36,-1.72,1.71,2.23,1.81,0.35,0.35,0.36
109.64,-1.36,-1.68,-1.36,-1.69,1.68,2.19,1.81,0.32,0.32,0.32
110.74,-1.36,-1.65,-1.36,-1.64,1.65,2.16,1.81,0.29,0.29,0.28
111.85,-1.36,-1.61,-1.36,-1.61,1.62,2.13,1.81,0.26,0.26,0.24
112.97,-1.36,-1.57,-1.38,-1.59,1.59,2.10,1.81,0.23,0.21,0.21
114.10,-1.41,-1.58,-1.39,-1.56,1.56,2.06,1.81,0.15,0.17,0.17
115.24,-1.41,-1.54,-1.41,-1.54,1.54,2.03,1.81,0.13,0.13,0.13
116.39,-1.41,-1.51,-1.43,-1.53,1.52,2.00,1.81,0.10,0.09,0.10
117.55,-1.45,-1.51,-1.44,-1.49,1.50,1.97,1.81,0.04,0.06,0.06
118.73,-1.45,-1.47,-1.46,-1.48,1.48,1.94,1.81,0.03,0.02,0.02
119.92,-1.46,-1.45,-1.47,-1.46,1.46,1.91,1.81,-0.00,-0.01,-0.01
121.12,-1.50,-1.45,-1.49,-1.44,1.45,1.88,1.81,-0.06,-0.04,-0.05
122.33,-1.50,-1.42,-1.52,-1.43,1.43,1.85,1.80,-0.07,-0.09,-0.09
123.55,-1.55,-1.43,-1.54,-1.42,1.42,1.82,1.80,-0.13,-0.13,-0.12
124.79,-1.56,-1.41,-1.56,-1.41,1.41,1.79,1.79,-0.15,-0.16,-0.15
126.03,-1.59,-1.40,-1.59,-1.40,1.40,1.76,1.79,-0.19,-0.19,-0.19
127.29,-1.60,-1.38,-1.61,-1.39,1.39,1.74,1.78,-0.21,-0.22,-0.22
128.57,-1.64,-1.39,-1.64,-1.39,1.39,1.71,1.78,-0.26,-0.26,-0.26
129.85,-1.68,-1.39,-1.67,-1.38,1.38,1.68,1.77,-0.30,-0.29,-0.29
131.15,-1.69,-1.37,-1.70,-1.38,1.38,1.66,1.76,-0.31,-0.33,-0.32
132.46,-1.73,-1.38,-1.73,-1.38,1.38,1.63,1.75,-0.36,-0.35,-0.35
133.79,-1.76,-1.38,-1.76,-1.37,1.38,1.61,1.74,-0.38,-0.38,-0.38
135.12,-1.78,-1.37,-1.79,-1.38,1.38,1.58,1.73,-0.40,-0.41,-0.42
136.48,-1.83,-1.39,-1.83,-1.38,1.38,1.56,1.72,-0.45,-0.45,-0.45
137.84,-1.87,-1.40,-1.87,-1.39,1.39,1.54,1.71,-0.48,-0.48,-0.48
139.22,-1.90,-1.40,-1.90,-1.40,1.40,1.52,1.70,-0.51,-0.51,-0.50
140.61,-1.93,-1.40,-1.94,-1.40,1.40,1.50,1.68,-0.53,-0.53,-0.53
142.02,-1.97,-1.41,-1.97,-1.41,1.41,1.48,1.67,-0.56,-0.56,-0.56
143.44,-2.01,-1.42,-2.01,-1.42,1.42,1.46,1.66,-0.59,-0.59,-0.59
144.87,-2.05,-1.44,-2.05,-1.43,1.43,1.44,1.65,-0.62,-0.62,-0.62
146.32,-2.08,-1.44,-2.08,-1.44,1.44,1.43,1.64,-0.64,-0.64,-0.64
147.78,-2.11,-1.44,-2.12,-1.45,1.45,1.41,1.63,-0.66,-0.67,-0.67
149.26,-2.15,-1.46,-2.15,-1.46,1.46,1.40,1.62,-0.69,-0.69,-0.69
150.75,-2.19,-1.47,-2.19,-1.47,1.47,1.38,1.61,-0.72,-0.72,-0.72
152.26,-2.23,-1.49,-2.23,-1.49,1.48,1.37,1.60,-0.75,-0.74,-0.74
153.78,-2.26,-1.50,-2.26,-1.50,1.50,1.35,1.59,-0.77,-0.77,-0.77
155.32,-2.29,-1.50,-2.30,-1.51,1.51,1.34,1.58,-0.78,-0.79,-0.79
156.88,-2.34,-1.53,-2.33,-1.52,1.53,1.33,1.57,-0.82,-0.81,-0.81
158.44,-2.37,-1.54,-2.38,-1.54,1.54,1.32,1.56,-0.83,-0.83,-0.83
160.03,-2.41,-1.56,-2.42,-1.56,1.56,1.31,1.56,-0.85,-0.86,-0.85
161.63,-2.46,-1.59,-2.45,-1.58,1.58,1.31,1.55,-0.88,-0.88,-0.88
163.24,-2.49,-1.60,-2.50,-1.60,1.60,1.30,1.55,-0.90,-0.90,-0.90
164.88,-2.53,-1.62,-2.53,-1.62,1.62,1.29,1.55,-0.92,-0.92,-0.92
166.53,-2.57,-1.64,-2.57,-1.64,1.63,1.29,1.54,-0.94,-0.94,-0.94
168.19,-2.61,-1.66,-2.61,-1.65,1.65,1.28,1.54,-0.96,-0.96,-0.95
169.87,-2.64,-1.67,-2.64,-1.67,1.67,1.28,1.54,-0.97,-0.97,-0.97
171.57,-2.67,-1.68,-2.68,-1.69,1.69,1.28,1.54,-0.98,-0.99,-0.99
173.29,-2.71,-1.71,-2.71,-1.71,1.71,1.28,1.54,-1.00,-1.00,-1.01
175.02,-2.75,-1.73,-2.75,-1.73,1.73,1.28,1.55,-1.02,-1.02,-1.02
176.77,-2.79,-1.75,-2.79,-1.75,1.75,1.28,1.55,-1.04,-1.04,-1.04
178.54,-2.83,-1.78,-2.83,-1.78,1.77,1.28,1.56,-1.06,-1.06,-1.06
180.32,-2.87,-1.80,-2.87,-1.80,1.79,1.28,1.56,-1.08,-1.07,-1.07
182.13,-2.90,-1.82,-2.90,-1.82,1.82,1.28,1.57,-1.09,-1.09,-1.09
183.95,-2.93,-1.83,-2.94,-1.84,1.84,1.29,1.58,-1.09,-1.10,-1.10
185.79,-2.97,-1.86,-2.97,-1.86,1.86,1.29,1.59,-1.11,-1.11,-1.11
187.65,-3.01,-1.88,-3.01,-1.88,1.88,1.30,1.60,-1.13,-1.13,-1.13
189.52,-3.04,-1.90,-3.05,-1.91,1.90,1.31,1.61,-1.14,-1.14,-1.14
191.42,-3.08,-1.93,-3.08,-1.93,1.93,1.31,1.63,-1.16,-1.15,-1.15
193.33,-3.11,-1.95,-3.11,-1.95,1.95,1.32,1.64,-1.17,-1.17,-1.17
195.27,-3.14,-1.96,-3.15,-1.97,1.97,1.33,1.66,-1.18,-1.18,-1.18
197.22,-3.18,-1.99,-3.17,-1.98,1.99,1.34,1.67,-1.20,-1.19,-1.19
199.19,-3.20,-2.00,-3.21,-2.01,2.00,1.36,1.69,-1.20,-1.20,-1.20
201.18,-3.22,-2.01,-3.23,-2.02,2.02,1.37,1.71,-1.20,-1.21,-1.21
203.19,-3.27,-2.05,-3.26,-2.04,2.04,1.38,1.72,-1.23,-1.22,-1.22
205.23,-3.27,-2.04,-3.28,-2.05,2.05,1.40,1.74,-1.22,-1.23,-1.23
207.28,-3.32,-2.08,-3.31,-2.07,2.07,1.41,1.76,-1.25,-1.24,-1.24
209.35,-3.32,-2.07,-3.33,-2.08,2.08,1.43,1.78,-1.24,-1.25,-1.25
211.44,-3.36,-2.10,-3.35,-2.09,2.10,1.45,1.80,-1.27,-1.26,-1.26
213.56,-3.36,-2.09,-3.37,-2.11,2.11,1.46,1.82,-1.26,-1.27,-1.27
215.69,-3.40,-2.12,-3.40,-2.12,2.11,1.48,1.85,-1.29,-1.28,-1.28
217.85,-3.41,-2.13,-3.41,-2.12,2.12,1.50,1.87,-1.29,-1.29,-1.29
220.03,-3.41,-2.12,-3.42,-2.12,2.12,1.52,1.89,-1.29,-1.30,-1.29
222.23,-3.41,-2.11,-3.41,-2.11,2.12,1.54,1.91,-1.30,-1.30,-1.30
224.45,-3.41,-2.10,-3.42,-2.11,2.11,1.57,1.93,-1.30,-1.31,-1.31
226.70,-3.41,-2.10,-3.41,-2.09,2.09,1.59,1.95,-1.32,-1.32,-1.32
228.96,-3.41,-2.09,-3.40,-2.08,2.07,1.61,1.97,-1.34,-1.33,-1.32
231.25,-3.36,-2.03,-3.38,-2.05,2.04,1.64,1.99,-1.32,-1.34,-1.33
233.57,-3.35,-2.02,-3.35,-2.01,2.01,1.66,2.01,-1.34,-1.34,-1.34
235.90,-3.32,-1.98,-3.31,-1.97,1.97,1.69,2.02,-1.36,-1.35,-1.34
238.26,-3.27,-1.92,-3.27,-1.93,1.92,1.71,2.04,-1.36,-1.36,-1.35
240.64,-3.22,-1.87,-3.22,-1.87,1.86,1.74,2.06,-1.36,-1.36,-1.35
243.05,-3.16,-1.80,-3.17,-1.81,1.80,1.77,2.07,-1.36,-1.36,-1.36
245.48,-3.11,-1.75,-3.11,-1.75,1.74,1.80,2.08,-1.37,-1.37,-1.37
247.93,-3.06,-1.69,-3.06,-1.69,1.69,1.83,2.10,-1.38,-1.37,-1.37
250.41,-3.01,-1.64,-3.01,-1.63,1.64,1.86,2.11,-1.38,-1.37,-1.38
252.92,-2.96,-1.58,-2.97,-1.59,1.60,1.88,2.12,-1.37,-1.37,-1.38
255.45,-2.94,-1.56,-2.94,-1.56,1.57,1.91,2.13,-1.37,-1.38,-1.39
258.00,-2.94,-1.55,-2.93,-1.54,1.56,1.94,2.14,-1.38,-1.38,-1.39
260.58,-2.94,-1.55,-2.94,-1.55,1.56,1.98,2.14,-1.38,-1.38,-1.39
263.19,-2.96,-1.56,-2.97,-1.57,1.58,2.01,2.15,-1.38,-1.39,-1.40
265.82,-3.01,-1.61,-3.01,-1.61,1.62,2.04,2.15,-1.40,-1.40,-1.40
268.48,-3.07,-1.67,-3.07,-1.66,1.66,2.07,2.16,-1.41,-1.40,-1.41
271.16,-3.13,-1.72,-3.13,-1.72,1.72,2.10,2.16,-1.41,-1.41,-1.41
273.87,-3.20,-1.79,-3.20,-1.79,1.79,2.13,2.17,-1.42,-1.42,-1.41
276.61,-3.28,-1.86,-3.28,-1.86,1.86,2.16,2.17,-1.43,-1.42,-1.42
279.38,-3.35,-1.93,-3.35,-1.93,1.93,2.19,2.17,-1.43,-1.43,-1.42
282.17,-3.43,-2.01,-3.43,-2.00,2.00,2.22,2.18,-1.44,-1.43,-1.42
284.99,-3.49,-2.07,-3.50,-2.07,2.06,2.25,2.18,-1.43,-1.43,-1.43
287.84,-3.56,-2.13,-3.56,-2.13,2.13,2.28,2.19,-1.43,-1.43,-1.43
290.72,-3.62,-2.19,-3.62,-2.19,2.19,2.31,2.19,-1.43,-1.43,-1.43
293.63,-3.68,-2.25,-3.69,-2.25,2.25,2.33,2.19,-1.43,-1.44,-1.44
296.57,-3.74,-2.30,-3.74,-2.30,2.30,2.36,2.20,-1.44,-1.44,-1.44
299.53,-3.80,-2.36,-3.80,-2.36,2.35,2.39,2.21,-1.45,-1.45,-1.44
302.53,-3.84,-2.40,-3.85,-2.40,2.40,2.41,2.21,-1.44,-1.45,-1.44
305.55,-3.89,-2.45,-3.89,-2.44,2.44,2.43,2.22,-1.45,-1.45,-1.45
308.61,-3.92,-2.47,-3.93,-2.48,2.48,2.46,2.23,-1.44,-1.45,-1.45
311.69,-3.97,-2.52,-3.97,-2.52,2.52,2.48,2.24,-1.45,-1.45,-1.45
314.81,-4.01,-2.56,-4.01,-2.55,2.55,2.50,2.25,-1.46,-1.45,-1.45
317.96,-4.04,-2.59,-4.04,-2.59,2.59,2.52,2.27,-1.46,-1.46,-1.46
321.14,-4.06,-2.60,-4.07,-2.61,2.62,2.54,2.28,-1.45,-1.45,-1.46
324.35,-4.10,-2.64,-4.10,-2.64,2.64,2.55,2.30,-1.46,-1.46,-1.46
327.59,-4.11,-2.65,-4.13,-2.66,2.66,2.57,2.32,-1.45,-1.46,-1.46
330.87,-4.16,-2.70,-4.15,-2.69,2.68,2.58,2.34,-1.49,-1.47,-1.46
334.18,-4.16,-2.70,-4.16,-2.70,2.69,2.59,2.36,-1.47,-1.47,-1.47
337.52,-4.16,-2.70,-4.17,-2.70,2.70,2.60,2.39,-1.47,-1.47,-1.47
340.90,-4.16,-2.69,-4.16,-2.69,2.70,2.61,2.41,-1.46,-1.46,-1.47
344.30,-4.16,-2.69,-4.16,-2.69,2.70,2.62,2.44,-1.46,-1.46,-1.47
347.75,-4.16,-2.69,-4.16,-2.69,2.70,2.62,2.47,-1.46,-1.46,-1.47
351.23,-4.16,-2.69,-4.16,-2.69,2.69,2.63,2.50,-1.47,-1.47,-1.47
354.74,-4.16,-2.69,-4.16,-2.69,2.68,2.63,2.53,-1.48,-1.48,-1.47
358.28,-4.16,-2.69,-4.15,-2.68,2.67,2.63,2.57,-1.49,-1.48,-1.48
361.87,-4.14,-2.67,-4.14,-2.66,2.66,2.63,2.61,-1.48,-1.48,-1.48
365.49,-4.11,-2.63,-4.13,-2.65,2.65,2.63,2.65,-1.47,-1.48,-1.48
369.14,-4.11,-2.63,-4.11,-2.63,2.63,2.63,2.69,-1.48,-1.48,-1.48
372.83,-4.10,-2.62,-4.09,-2.61,2.61,2.63,2.73,-1.49,-1.48,-1.48
376.56,-4.06,-2.58,-4.08,-2.59,2.59,2.63,2.78,-1.47,-1.48,-1.48
380.33,-4.06,-2.58,-4.05,-2.57,2.57,2.62,2.82,-1.49,-1.48,-1.48
384.13,-4.03,-2.55,-4.04,-2.56,2.55,2.62,2.87,-1.48,-1.49,-1.48
387.97,-4.02,-2.54,-4.02,-2.54,2.54,2.61,2.92,-1.49,-1.49,-1.48
391.85,-4.02,-2.54,-4.00,-2.52,2.52,2.60,2.97,-1.50,-1.48,-1.49
395.77,-3.97,-2.49,-3.99,-2.50,2.50,2.60,3.03,-1.47,-1.48,-1.49
399.73,-3.97,-2.48,-3.97,-2.49,2.49,2.59,3.08,-1.48,-1.48,-1.49
403.72,-3.97,-2.48,-3.97,-2.48,2.48,2.58,3.13,-1.49,-1.48,-1.49
407.76,-3.97,-2.48,-3.97,-2.48,2.48,2.57,3.19,-1.49,-1.49,-1.49
411.84,-3.97,-2.48,-3.97,-2.48,2.48,2.56,3.24,-1.50,-1.50,-1.49
415.96,-3.97,-2.48,-3.97,-2.48,2.48,2.56,3.30,-1.49,-1.49,-1.49
420.12,-3.97,-2.48,-3.97,-2.48,2.49,2.55,3.35,-1.49,-1.49,-1.49
424.32,-3.97,-2.48,-3.99,-2.50,2.50,2.54,3.41,-1.48,-1.49,-1.49
428.56,-4.02,-2.53,-4.00,-2.51,2.51,2.54,3.46,-1.51,-1.49,-1.49
432.85,-4.02,-2.53,-4.02,-2.53,2.53,2.53,3.51,-1.49,-1.49,-1.49
437.18,-4.03,-2.54,-4.04,-2.55,2.55,2.52,3.56,-1.48,-1.49,-1.49
441.55,-4.06,-2.57,-4.06,-2.57,2.58,2.52,3.61,-1.48,-1.49,-1.50
445.96,-4.11,-2.62,-4.10,-2.61,2.61,2.52,3.65,-1.50,-1.49,-1.50
450.42,-4.13,-2.64,-4.14,-2.64,2.65,2.51,3.69,-1.49,-1.49,-1.50
454.93,-4.18,-2.69,-4.18,-2.68,2.68,2.51,3.73,-1.50,-1.49,-1.50
459.48,-4.21,-2.72,-4.21,-2.72,2.72,2.51,3.76,-1.49,-1.49,-1.50
464.07,-4.25,-2.75,-4.26,-2.76,2.76,2.51,3.79,-1.50,-1.50,-1.50
468.71,-4.29,-2.79,-4.29,-2.80,2.79,2.51,3.82,-1.50,-1.50,-1.50
473.40,-4.33,-2.83,-4.32,-2.83,2.82,2.52,3.84,-1.52,-1.51,-1.50
478.13,-4.34,-2.84,-4.34,-2.84,2.84,2.52,3.85,-1.51,-1.51,-1.50
482.91,-4.34,-2.84,-4.35,-2.85,2.85,2.53,3.86,-1.50,-1.50,-1.50
487.74,-4.34,-2.84,-4.35,-2.85,2.85,2.54,3.86,-1.49,-1.50,-1.50
492.62,-4.34,-2.84,-4.34,-2.84,2.84,2.55,3.85,-1.50,-1.50,-1.50
497.55,-4.34,-2.84,-4.33,-2.83,2.82,2.56,3.84,-1.52,-1.51,-1.50
502.52,-4.29,-2.79,-4.30,-2.80,2.79,2.57,3.82,-1.50,-1.51,-1.50
507.55,-4.26,-2.76,-4.26,-2.76,2.76,2.59,3.80,-1.51,-1.51,-1.50
512.62,-4.22,-2.72,-4.22,-2.72,2.72,2.60,3.77,-1.51,-1.50,-1.50
517.75,-4.17,-2.67,-4.18,-2.67,2.67,2.62,3.73,-1.50,-1.51,-1.50
522.93,-4.13,-2.63,-4.13,-2.62,2.63,2.64,3.68,-1.51,-1.50,-1.50
528.16,-4.08,-2.58,-4.08,-2.58,2.58,2.67,3.63,-1.50,-1.50,-1.50
533.44,-4.03,-2.53,-4.04,-2.54,2.54,2.69,3.58,-1.49,-1.50,-1.50
538.77,-4.02,-2.52,-4.01,-2.50,2.51,2.72,3.51,-1.51,-1.50,-1.50
544.16,-3.97,-2.47,-3.98,-2.48,2.48,2.74,3.45,-1.49,-1.50,-1.50
549.60,-3.97,-2.47,-3.97,-2.47,2.47,2.77,3.37,-1.51,-1.51,-1.50
555.10,-3.97,-2.47,-3.96,-2.46,2.46,2.81,3.30,-1.51,-1.50,-1.50
560.65,-3.97,-2.47,-3.98,-2.47,2.47,2.84,3.22,-1.50,-1.50,-1.50
566.25,-3.99,-2.49,-4.00,-2.49,2.50,2.87,3.13,-1.49,-1.50,-1.51
571.92,-4.03,-2.53,-4.03,-2.53,2.54,2.91,3.04,-1.49,-1.49,-1.51
577.64,-4.09,-2.59,-4.09,-2.58,2.59,2.95,2.95,-1.50,-1.50,-1.51
583.41,-4.16,-2.66,-4.16,-2.66,2.66,2.99,2.86,-1.50,-1.50,-1.51
589.25,-4.24,-2.74,-4.25,-2.74,2.74,3.03,2.77,-1.50,-1.50,-1.51
595.14,-4.34,-2.84,-4.34,-2.83,2.83,3.07,2.67,-1.51,-1.50,-1.51
601.09,-4.43,-2.93,-4.44,-2.93,2.93,3.11,2.57,-1.50,-1.51,-1.51
607.10,-4.54,-3.04,-4.54,-3.03,3.03,3.15,2.47,-1.51,-1.51,-1.51
613.17,-4.65,-3.15,-4.65,-3.14,3.13,3.19,2.37,-1.52,-1.51,-1.51
619.30,-4.73,-3.23,-4.74,-3.23,3.23,3.23,2.27,-1.50,-1.51,-1.51
625.50,-4.84,-3.34,-4.83,-3.32,3.32,3.27,2.17,-1.52,-1.51,-1.51
631.75,-4.90,-3.40,-4.92,-3.41,3.41,3.31,2.07,-1.50,-1.51,-1.51
638.07,-5.00,-3.49,-4.99,-3.49,3.49,3.34,1.97,-1.52,-1.51,-1.51
644.45,-5.06,-3.55,-5.06,-3.55,3.55,3.38,1.87,-1.51,-1.51,-1.51
650.89,-5.11,-3.60,-5.12,-3.61,3.61,3.41,1.77,-1.50,-1.51,-1.51
657.40,-5.17,-3.66,-5.17,-3.66,3.66,3.43,1.67,-1.52,-1.51,-1.51
663.98,-5.20,-3.69,-5.20,-3.70,3.69,3.46,1.57,-1.51,-1.51,-1.51
670.62,-5.23,-3.72,-5.23,-3.72,3.71,3.48,1.47,-1.52,-1.51,-1.51
677.32,-5.23,-3.72,-5.24,-3.73,3.72,3.49,1.38,-1.51,-1.52,-1.51
684.10,-5.23,-3.72,-5.23,-3.73,3.72,3.50,1.28,-1.51,-1.51,-1.51
690.94,-5.23,-3.72,-5.22,-3.71,3.71,3.50,1.18,-1.52,-1.51,-1.51
697.85,-5.18,-3.67,-5.19,-3.69,3.69,3.49,1.09,-1.49,-1.50,-1.51
704.83,-5.16,-3.65,-5.17,-3.66,3.66,3.48,0.99,-1.50,-1.50,-1.51
711.87,-5.13,-3.62,-5.13,-3.62,3.63,3.45,0.90,-1.51,-1.50,-1.51
718.99,-5.09,-3.58,-5.09,-3.58,3.58,3.42,0.80,-1.51,-1.51,-1.51
726.18,-5.03,-3.52,-5.04,-3.53,3.53,3.38,0.71,-1.50,-1.51,-1.51
733.44,-4.97,-3.46,-4.98,-3.47,3.47,3.33,0.62,-1.51,-1.51,-1.51
740.78,-4.91,-3.40,-4.91,-3.40,3.40,3.27,0.53,-1.52,-1.51,-1.51
748.19,-4.82,-3.31,-4.83,-3.32,3.31,3.20,0.44,-1.51,-1.51,-1.51
755.67,-4.73,-3.22,-4.73,-3.22,3.22,3.12,0.35,-1.51,-1.51,-1.51
763.23,-4.62,-3.11,-4.62,-3.11,3.11,3.04,0.26,-1.51,-1.51,-1.51
770.86,-4.50,-2.99,-4.51,-3.00,2.99,2.94,0.17,-1.51,-1.52,-1.51
778.57,-4.38,-2.87,-4.37,-2.86,2.85,2.83,0.08,-1.53,-1.52,-1.51
786.35,-4.22,-2.71,-4.23,-2.72,2.71,2.72,-0.00,-1.52,-1.52,-1.51
794.22,-4.06,-2.55,-4.06,-2.55,2.55,2.60,-0.09,-1.51,-1.52,-1.51
802.16,-3.89,-2.38,-3.89,-2.38,2.38,2.46,-0.17,-1.51,-1.51,-1.51
810.18,-3.71,-2.20,-3.71,-2.20,2.21,2.33,-0.26,-1.51,-1.50,-1.51
818.28,-3.52,-2.01,-3.53,-2.02,2.03,2.18,-0.34,-1.50,-1.51,-1.51
826.46,-3.35,-1.84,-3.35,-1.84,1.84,2.03,-0.42,-1.51,-1.51,-1.51
834.73,-3.17,-1.66,-3.17,-1.66,1.65,1.87,-0.50,-1.52,-1.51,-1.51
843.08,-2.98,-1.47,-2.98,-1.47,1.47,1.71,-0.58,-1.51,-1.51,-1.51
851.51,-2.79,-1.28,-2.80,-1.29,1.29,1.54,-0.66,-1.50,-1.51,-1.51
860.02,-2.62,-1.11,-2.62,-1.11,1.11,1.37,-0.73,-1.51,-1.50,-1.51
868.62,-2.45,-0.94,-2.44,-0.93,0.94,1.19,-0.80,-1.51,-1.50,-1.51
877.31,-2.26,-0.75,-2.28,-0.77,0.78,1.02,-0.88,-1.48,-1.50,-1.51
886.08,-2.12,-0.61,-2.12,-0.61,0.62,0.83,-0.95,-1.50,-1.50,-1.51
894.94,-1.98,-0.47,-1.97,-0.46,0.47,0.65,-1.01,-1.51,-1.50,-1.51
903.89,-1.82,-0.31,-1.83,-0.32,0.32,0.46,-1.08,-1.50,-1.51,-1.51
912.93,-1.68,-0.17,-1.69,-0.18,0.17,0.27,-1.14,-1.51,-1.51,-1.51
922.06,-1.54,-0.04,-1.53,-0.03,0.02,0.08,-1.20,-1.52,-1.51,-1.51
931.28,-1.38,0.12,-1.38,0.12,-0.13,-0.11,-1.26,-1.51,-1.51,-1.50
940.59,-1.21,0.29,-1.22,0.28,-0.29,-0.30,-1.31,-1.50,-1.51,-1.50
950.00,-1.05,0.44,-1.04,0.45,-0.45,-0.49,-1.36,-1.51,-1.50,-1.49
959.50,-0.86,0.62,-0.86,0.62,-0.63,-0.69,-1.41,-1.49,-1.49,-1.48
969.09,-0.65,0.82,-0.66,0.81,-0.81,-0.88,-1.45,-1.46,-1.47,-1.47
978.78,-0.45,1.00,-0.45,1.00,-1.00,-1.07,-1.49,-1.45,-1.45,-1.45
988.57,-0.25,1.18,-0.25,1.19,-1.19,-1.27,-1.53,-1.44,-1.44,-1.43
998.46,-0.03,1.39,-0.04,1.38,-1.38,-1.46,-1.56,-1.42,-1.42,-1.42
1008.44,0.18,1.58,0.18,1.58,-1.58,-1.65,-1.59,-1.40,-1.40,-1.40
1018.53,0.40,1.78,0.39,1.78,-1.77,-1.84,-1.62,-1.37,-1.38,-1.38
1028.71,0.61,1.97,0.60,1.96,-1.96,-2.02,-1.64,-1.35,-1.36,-1.37
1039.00,0.79,2.13,0.80,2.15,-2.15,-2.21,-1.66,-1.36,-1.35,-1.35
1049.39,1.01,2.33,1.00,2.33,-2.33,-2.39,-1.68,-1.32,-1.33,-1.33
1059.88,1.20,2.50,1.20,2.50,-2.50,-2.56,-1.69,-1.30,-1.30,-1.30
1070.48,1.40,2.67,1.40,2.67,-2.67,-2.74,-1.71,-1.27,-1.27,-1.28
1081.19,1.58,2.83,1.58,2.83,-2.82,-2.90,-1.71,-1.25,-1.25,-1.25
1092.00,1.76,2.98,1.76,2.98,-2.98,-3.06,-1.72,-1.22,-1.22,-1.22
1102.92,1.93,3.11,1.93,3.12,-3.12,-3.22,-1.72,-1.20,-1.19,-1.19
1113.95,2.10,3.25,2.10,3.25,-3.26,-3.37,-1.72,-1.16,-1.16,-1.15
1125.09,2.27,3.39,2.27,3.39,-3.39,-3.50,-1.72,-1.12,-1.12,-1.12
1136.34,2.43,3.51,2.43,3.51,-3.51,-3.64,-1.72,-1.08,-1.08,-1.08
1147.70,2.59,3.64,2.58,3.63,-3.62,-3.75,-1.72,-1.04,-1.04,-1.05
1159.18,2.71,3.72,2.71,3.73,-3.73,-3.87,-1.72,-1.02,-1.01,-1.01
1170.77,2.85,3.82,2.84,3.81,-3.82,-3.97,-1.71,-0.97,-0.98,-0.98
1182.48,2.95,3.88,2.97,3.90,-3.89,-4.06,-1.70,-0.95,-0.93,-0.93
1194.30,3.09,3.97,3.08,3.96,-3.96,-4.13,-1.70,-0.87,-0.88,-0.88
1206.25,3.20,4.03,3.18,4.01,-4.01,-4.20,-1.69,-0.81,-0.82,-0.83
1218.31,3.26,4.03,3.27,4.05,-4.04,-4.25,-1.68,-0.79,-0.77,-0.78
1230.49,3.35,4.07,3.34,4.06,-4.06,-4.30,-1.68,-0.72,-0.72,-0.72
1242.80,3.41,4.07,3.41,4.07,-4.07,-4.32,-1.67,-0.67,-0.67,-0.67
1255.22,3.46,4.07,3.47,4.08,-4.07,-4.35,-1.67,-0.61,-0.60,-0.61
1267.78,3.52,4.07,3.51,4.06,-4.05,-4.35,-1.66,-0.53,-0.54,-0.55
1280.45,3.55,4.04,3.55,4.04,-4.03,-4.35,-1.66,-0.48,-0.48,-0.49
1293.26,3.57,4.00,3.57,4.00,-4.00,-4.33,-1.65,-0.43,-0.43,-0.43
1306.19,3.61,3.97,3.60,3.96,-3.97,-4.31,-1.65,-0.36,-0.37,-0.36
1319.25,3.62,3.92,3.63,3.93,-3.94,-4.28,-1.65,-0.33,-0.32,-0.30
1332.45,3.67,3.90,3.67,3.90,-3.92,-4.24,-1.65,-0.25,-0.25,-0.23
1345.77,3.72,3.88,3.72,3.88,-3.89,-4.19,-1.65,-0.18,-0.18,-0.17
1359.23,3.78,3.88,3.77,3.87,-3.88,-4.13,-1.65,-0.10,-0.10,-0.10
1372.82,3.83,3.85,3.83,3.86,-3.86,-4.07,-1.65,-0.04,-0.03,-0.03
1386.55,3.90,3.85,3.90,3.85,-3.85,-4.01,-1.65,0.04,0.04,0.05
1400.41,3.97,3.84,3.97,3.84,-3.84,-3.93,-1.66,0.13,0.13,0.13
1414.42,4.04,3.83,4.04,3.83,-3.83,-3.86,-1.66,0.21,0.21,0.21
1428.56,4.11,3.82,4.11,3.82,-3.80,-3.78,-1.67,0.30,0.30,0.29
1442.85,4.16,3.78,4.16,3.78,-3.77,-3.71,-1.68,0.39,0.38,0.37
1457.28,4.21,3.75,4.20,3.75,-3.73,-3.62,-1.69,0.47,0.47,0.46
1471.85,4.22,3.68,4.23,3.69,-3.69,-3.54,-1.70,0.53,0.55,0.54
1486.57,4.27,3.64,4.25,3.63,-3.63,-3.46,-1.71,0.64,0.62,0.62
1501.43,4.27,3.56,4.27,3.56,-3.57,-3.38,-1.73,0.70,0.70,0.71
1516.45,4.27,3.48,4.29,3.50,-3.50,-3.30,-1.74,0.77,0.79,0.79
1531.61,4.32,3.44,4.30,3.42,-3.42,-3.22,-1.76,0.89,0.87,0.88
1546.93,4.32,3.35,4.32,3.35,-3.35,-3.14,-1.78,0.96,0.96,0.97
1562.40,4.33,3.27,4.34,3.28,-3.28,-3.06,-1.79,1.05,1.06,1.06
1578.02,4.36,3.20,4.35,3.20,-3.21,-2.98,-1.82,1.15,1.14,1.16
1593.80,4.39,3.13,4.39,3.13,-3.14,-2.91,-1.84,1.25,1.25,1.26
1609.74,4.41,3.05,4.42,3.06,-3.06,-2.83,-1.86,1.34,1.35,1.35
1625.84,4.46,3.00,4.44,2.99,-2.99,-2.76,-1.88,1.47,1.46,1.45
1642.10,4.46,2.90,4.47,2.91,-2.90,-2.69,-1.91,1.55,1.56,1.55
1658.52,4.49,2.83,4.49,2.83,-2.82,-2.62,-1.93,1.67,1.67,1.66
1675.10,4.50,2.74,4.49,2.73,-2.72,-2.56,-1.96,1.77,1.77,1.76
1691.85,4.50,2.63,4.50,2.63,-2.62,-2.49,-1.98,1.87,1.88,1.87
1708.77,4.50,2.52,4.50,2.53,-2.52,-2.43,-2.01,1.98,1.98,1.97
1725.86,4.50,2.41,4.49,2.41,-2.41,-2.38,-2.04,2.09,2.08,2.08
1743.12,4.50,2.30,4.50,2.30,-2.30,-2.32,-2.07,2.19,2.20,2.20
1760.55,4.50,2.19,4.51,2.20,-2.20,-2.26,-2.10,2.30,2.31,2.31
1778.15,4.55,2.12,4.53,2.10,-2.10,-2.21,-2.13,2.45,2.43,2.43
1795.94,4.55,2.00,4.56,2.01,-2.01,-2.16,-2.15,2.54,2.55,2.55
1813.90,4.59,1.92,4.60,1.93,-1.93,-2.12,-2.18,2.66,2.67,2.67
1832.03,4.67,1.87,4.65,1.85,-1.87,-2.07,-2.21,2.80,2.78,2.80
1850.36,4.72,1.80,4.73,1.81,-1.82,-2.03,-2.24,2.89,2.91,2.92
1868.86,4.83,1.78,4.83,1.79,-1.79,-1.99,-2.27,3.03,3.03,3.04
1887.55,4.95,1.78,4.94,1.77,-1.78,-1.95,-2.30,3.17,3.16,3.17
1906.42,5.08,1.78,5.08,1.78,-1.78,-1.92,-2.33,3.30,3.30,3.30
1925.49,5.22,1.79,5.23,1.79,-1.79,-1.88,-2.35,3.43,3.44,3.43
1944.74,5.39,1.82,5.38,1.81,-1.81,-1.85,-2.38,3.58,3.57,3.57
1964.19,5.55,1.84,5.55,1.84,-1.84,-1.82,-2.41,3.71,3.71,3.71
1983.83,5.71,1.86,5.71,1.87,-1.86,-1.80,-2.43,3.84,3.85,3.85
2003.67,5.88,1.90,5.87,1.90,-1.89,-1.77,-2.46,3.98,3.97,3.97
2023.71,6.02,1.93,6.02,1.93,-1.92,-1.75,-2.48,4.09,4.10,4.09
2043.94,6.16,1.96,6.16,1.96,-1.95,-1.73,-2.51,4.20,4.21,4.20
2064.38,6.32,2.01,6.30,1.99,-1.98,-1.71,-2.53,4.34,4.32,4.31
2085.03,6.43,2.00,6.44,2.02,-2.01,-1.69,-2.55,4.42,4.43,4.42
2105.88,6.58,2.04,6.58,2.04,-2.04,-1.68,-2.58,4.53,4.53,4.54
2126.94,6.72,2.07,6.71,2.07,-2.08,-1.67,-2.60,4.64,4.63,4.65
2148.20,6.86,2.10,6.86,2.11,-2.12,-1.65,-2.62,4.74,4.74,4.76
2169.69,7.01,2.15,7.01,2.15,-2.17,-1.65,-2.64,4.84,4.85,4.86
2191.38,7.18,2.21,7.16,2.20,-2.21,-1.64,-2.67,4.96,4.95,4.96
2213.30,7.31,2.25,7.32,2.25,-2.26,-1.64,-2.69,5.04,5.05,5.06
2235.43,7.46,2.30,7.47,2.30,-2.31,-1.63,-2.71,5.15,5.16,5.16
2257.78,7.62,2.36,7.61,2.35,-2.35,-1.63,-2.74,5.27,5.26,5.26
2280.36,7.74,2.38,7.74,2.38,-2.37,-1.64,-2.76,5.37,5.37,5.36
2303.17,7.85,2.38,7.85,2.38,-2.36,-1.64,-2.79,5.48,5.48,5.47
2326.20,7.93,2.36,7.93,2.36,-2.34,-1.65,-2.81,5.59,5.59,5.57
2349.46,7.98,2.31,7.98,2.31,-2.28,-1.66,-2.84,5.70,5.70,5.67
2372.95,8.00,2.23,7.99,2.23,-2.19,-1.67,-2.87,5.81,5.80,5.76
2396.68,7.97,2.11,7.96,2.10,-2.07,-1.69,-2.90,5.90,5.89,5.86
2420.65,7.91,1.96,7.91,1.96,-1.94,-1.70,-2.94,5.97,5.97,5.95
2444.86,7.82,1.78,7.83,1.79,-1.79,-1.72,-2.97,6.02,6.04,6.04
2469.31,7.76,1.64,7.75,1.64,-1.65,-1.75,-3.01,6.11,6.10,6.11
2494.00,7.68,1.50,7.67,1.49,-1.52,-1.77,-3.05,6.16,6.15,6.18
2518.94,7.61,1.37,7.61,1.38,-1.41,-1.80,-3.09,6.20,6.20,6.24
2544.13,7.58,1.29,7.58,1.30,-1.33,-1.83,-3.13,6.24,6.25,6.29
2569.57,7.60,1.26,7.60,1.26,-1.29,-1.87,-3.17,6.31,6.31,6.34
2595.27,7.66,1.27,7.66,1.27,-1.29,-1.91,-3.22,6.37,6.38,6.39
2621.22,7.77,1.31,7.76,1.31,-1.32,-1.95,-3.27,6.45,6.44,6.45
2647.43,7.90,1.38,7.90,1.38,-1.38,-2.00,-3.33,6.51,6.51,6.52
2673.90,8.05,1.46,8.05,1.47,-1.48,-2.05,-3.38,6.57,6.58,6.58
2700.64,8.23,1.59,8.22,1.59,-1.59,-2.10,-3.44,6.64,6.63,6.63
2727.65,8.40,1.72,8.40,1.72,-1.72,-2.16,-3.50,6.68,6.68,6.68
2754.93,8.58,1.86,8.58,1.86,-1.85,-2.23,-3.57,6.73,6.73,6.72
2782.48,8.77,2.01,8.76,2.00,-1.98,-2.30,-3.64,6.78,6.77,6.76
2810.30,8.93,2.13,8.93,2.13,-2.11,-2.37,-3.71,6.81,6.82,6.80
2838.40,9.09,2.25,9.09,2.26,-2.24,-2.45,-3.78,6.85,6.86,6.84
2866.79,9.26,2.38,9.25,2.37,-2.36,-2.54,-3.86,6.90,6.89,6.88
2895.46,9.40,2.48,9.40,2.48,-2.47,-2.64,-3.94,6.93,6.93,6.92
2924.41,9.54,2.58,9.54,2.58,-2.57,-2.74,-4.03,6.97,6.97,6.96
2953.65,9.68,2.67,9.68,2.67,-2.67,-2.85,-4.11,7.01,7.01,7.00
2983.19,9.83,2.78,9.82,2.77,-2.77,-2.97,-4.20,7.06,7.05,7.05
3013.02,9.96,2.87,9.97,2.88,-2.88,-3.10,-4.30,7.08,7.09,7.09
3043.15,10.12,2.99,10.12,2.99,-2.99,-3.23,-4.39,7.12,7.13,7.13
3073.58,10.30,3.13,10.29,3.12,-3.12,-3.38,-4.49,7.17,7.16,7.17
3104.32,10.47,3.26,10.48,3.27,-3.27,-3.54,-4.59,7.20,7.20,7.21
3135.36,10.68,3.43,10.67,3.43,-3.44,-3.71,-4.70,7.24,7.23,7.25
3166.72,10.90,3.63,10.89,3.62,-3.63,-3.89,-4.81,7.26,7.26,7.27
3198.38,11.13,3.83,11.14,3.84,-3.85,-4.08,-4.91,7.28,7.29,7.29
3230.37,11.41,4.09,11.40,4.08,-4.09,-4.29,-5.03,7.31,7.31,7.31
3262.67,11.69,4.35,11.69,4.35,-4.36,-4.51,-5.14,7.33,7.33,7.34
3295.30,12.00,4.65,12.00,4.65,-4.66,-4.74,-5.25,7.34,7.35,7.35
3328.25,12.34,4.97,12.33,4.97,-4.98,-4.99,-5.37,7.36,7.36,7.36
3361.53,12.68,5.30,12.68,5.30,-5.32,-5.25,-5.48,7.36,7.36,7.37
3395.15,13.04,5.66,13.04,5.66,-5.68,-5.53,-5.60,7.36,7.36,7.38
3429.10,13.41,6.02,13.42,6.03,-6.05,-5.82,-5.71,7.36,7.37,7.38
3463.39,13.82,6.43,13.81,6.42,-6.43,-6.12,-5.82,7.38,7.38,7.39
3498.03,14.20,6.81,14.20,6.81,-6.82,-6.43,-5.93,7.38,7.38,7.39
3533.01,14.58,7.19,14.58,7.19,-7.19,-6.75,-6.04,7.38,7.39,7.39
3568.34,14.94,7.55,14.93,7.55,-7.55,-7.07,-6.14,7.38,7.38,7.39
3604.02,15.25,7.88,15.26,7.89,-7.88,-7.39,-6.23,7.36,7.37,7.37
3640.06,15.55,8.19,15.54,8.18,-8.18,-7.69,-6.33,7.37,7.36,7.35
3676.46,15.77,8.43,15.77,8.43,-8.42,-7.97,-6.41,7.35,7.35,7.33
3713.22,15.94,8.63,15.94,8.63,-8.60,-8.23,-6.49,7.34,7.34,7.31
3750.36,16.03,8.75,16.03,8.76,-8.71,-8.43,-6.55,7.31,7.32,7.28
3787.86,16.06,8.82,16.04,8.80,-8.76,-8.59,-6.61,7.30,7.28,7.24
3825.74,15.97,8.77,15.97,8.77,-8.73,-8.68,-6.65,7.24,7.24,7.20
3864.00,15.80,8.64,15.81,8.66,-8.63,-8.72,-6.69,7.17,7.19,7.16
3902.64,15.60,8.49,15.59,8.48,-8.46,-8.67,-6.71,7.14,7.12,7.11
3941.66,15.31,8.25,15.31,8.25,-8.24,-8.57,-6.72,7.06,7.06,7.06
3981.08,14.98,7.97,14.98,7.98,-7.98,-8.40,-6.71,7.00,7.00,7.00
4020.89,14.62,7.67,14.62,7.67,-7.69,-8.18,-6.70,6.93,6.93,6.95
4061.10,14.24,7.35,14.24,7.36,-7.37,-7.92,-6.66,6.87,6.87,6.88
4101.71,13.86,7.04,13.85,7.03,-7.05,-7.64,-6.62,6.81,6.80,6.82
4142.73,13.46,6.71,13.46,6.71,-6.72,-7.33,-6.56,6.74,6.74,6.75
4184.15,13.06,6.38,13.07,6.39,-6.40,-7.02,-6.49,6.65,6.67,6.68
4226.00,12.70,6.09,12.69,6.08,-6.10,-6.70,-6.40,6.60,6.60,6.61
4268.26,12.33,5.79,12.33,5.79,-5.80,-6.38,-6.31,6.53,6.52,6.53
4310.94,11.98,5.52,11.98,5.52,-5.53,-6.08,-6.20,6.45,6.45,6.46
4354.05,11.63,5.25,11.64,5.26,-5.27,-5.79,-6.09,6.36,6.37,6.38
4397.59,11.33,5.03,11.32,5.03,-5.03,-5.51,-5.96,6.30,6.29,6.29
4441.56,11.02,4.81,11.02,4.81,-4.81,-5.25,-5.83,6.21,6.21,6.21
4485.98,10.74,4.62,10.73,4.61,-4.60,-5.01,-5.69,6.13,6.13,6.12
4530.84,10.46,4.43,10.46,4.43,-4.42,-4.78,-5.55,6.03,6.03,6.03
4576.15,10.20,4.26,10.20,4.27,-4.27,-4.58,-5.39,5.93,5.94,5.94
4621.91,9.98,4.14,9.96,4.12,-4.13,-4.39,-5.24,5.85,5.83,5.84
4668.13,9.75,4.01,9.75,4.01,-4.02,-4.23,-5.08,5.73,5.73,5.74
4714.81,9.57,3.92,9.57,3.93,-3.94,-4.09,-4.92,5.63,5.64,5.64
4761.96,9.43,3.88,9.42,3.87,-3.88,-3.97,-4.76,5.55,5.54,5.55
4809.58,9.31,3.85,9.31,3.85,-3.86,-3.86,-4.59,5.45,5.45,5.46
4857.67,9.21,3.84,9.21,3.84,-3.86,-3.79,-4.43,5.35,5.35,5.37
4906.25,9.16,3.87,9.15,3.87,-3.90,-3.73,-4.26,5.26,5.26,5.28
4955.31,9.11,3.91,9.12,3.93,-3.95,-3.70,-4.10,5.15,5.16,5.19
5004.87,9.11,4.01,9.10,4.01,-4.03,-3.69,-3.93,5.08,5.08,5.10
5054.91,9.11,4.10,9.10,4.10,-4.11,-3.70,-3.77,4.99,4.99,5.01
5105.46,9.11,4.19,9.11,4.20,-4.20,-3.72,-3.61,4.91,4.91,4.91
5156.52,9.11,4.28,9.11,4.28,-4.27,-3.76,-3.44,4.84,4.84,4.83
5208.08,9.09,4.34,9.08,4.34,-4.31,-3.81,-3.28,4.77,4.77,4.74
5260.16,9.03,4.36,9.02,4.36,-4.32,-3.85,-3.12,4.71,4.70,4.66
5312.77,8.91,4.32,8.91,4.33,-4.27,-3.88,-2.96,4.63,4.64,4.58
5365.89,8.76,4.25,8.75,4.24,-4.18,-3.86,-2.81,4.58,4.57,4.51
5419.55,8.53,4.09,8.53,4.09,-4.04,-3.83,-2.65,4.49,4.49,4.44
5473.75,8.27,3.89,8.25,3.88,-3.86,-3.72,-2.50,4.41,4.40,4.38
5528.49,7.92,3.60,7.91,3.59,-3.64,-3.59,-2.35,4.28,4.26,4.31
5583.77,7.50,3.24,7.50,3.24,-3.40,-3.37,-2.20,4.10,4.10,4.25
5639.61,7.04,2.85,7.04,2.84,-3.14,-3.13,-2.05,3.90,3.90,4.19
5696.00,6.55,2.42,6.53,2.40,-2.87,-2.85,-1.90,3.68,3.67,4.13
5752.96,6.02,1.95,6.01,1.94,-2.60,-2.55,-1.75,3.42,3.41,4.07
5810.49,5.46,1.45,5.46,1.45,-2.33,-2.24,-1.61,3.13,3.13,4.01
5868.60,4.92,0.97,4.90,0.95,-2.07,-1.93,-1.46,2.85,2.83,3.95
5927.28,4.35,0.46,4.35,0.46,-1.81,-1.63,-1.32,2.54,2.54,3.89
5986.56,3.83,0.00,3.82,-0.01,-1.55,-1.33,-1.18,2.27,2.27,3.83
6046.42,3.33,-0.43,3.33,-0.44,-1.29,-1.05,-1.04,2.03,2.03,3.76
6106.89,2.85,-0.84,2.86,-0.82,-1.04,-0.78,-0.90,1.81,1.83,3.69
6167.96,2.43,-1.17,2.43,-1.18,-0.78,-0.52,-0.76,1.65,1.66,3.60
6229.64,2.00,-1.52,2.03,-1.50,-0.52,-0.26,-0.62,1.48,1.51,3.52
6291.93,1.63,-1.81,1.67,-1.78,-0.26,-0.01,-0.48,1.37,1.41,3.44
6354.85,1.26,-2.11,1.33,-2.05,-0.00,0.23,-0.34,1.26,1.33,3.37
6418.40,0.93,-2.37,1.01,-2.29,0.26,0.46,-0.21,1.18,1.27,3.30
6482.58,0.58,-2.65,0.70,-2.53,0.51,0.70,-0.07,1.09,1.22,3.22
6547.41,0.21,-2.94,0.40,-2.76,0.77,0.92,0.06,0.98,1.17,3.15
6612.88,-0.17,-3.24,0.09,-2.99,1.03,1.15,0.20,0.86,1.12,3.07
6679.01,-0.61,-3.61,-0.21,-3.21,1.29,1.38,0.33,0.68,1.08,2.99
6745.80,-1.06,-3.98,-0.50,-3.41,1.55,1.60,0.46,0.49,1.05,2.92
6813.26,-1.57,-4.40,-0.77,-3.59,1.81,1.81,0.59,0.23,1.04,2.83
6881.39,-2.14,-4.88,-1.01,-3.74,2.09,2.03,0.72,-0.05,1.07,2.73
6950.21,-2.74,-5.38,-1.22,-3.84,2.38,2.23,0.84,-0.36,1.16,2.63
7019.71,-3.41,-5.94,-1.39,-3.90,2.67,2.42,0.96,-0.75,1.28,2.53
7089.91,-4.12,-6.55,-1.51,-3.91,2.92,2.59,1.07,-1.20,1.41,2.43
7160.81,-4.88,-7.21,-1.59,-3.88,3.13,2.76,1.19,-1.75,1.54,2.33
7232.41,-5.70,-7.93,-1.63,-3.81,3.28,2.89,1.29,-2.42,1.65,2.23
7304.74,-6.53,-8.66,-1.63,-3.70,3.36,3.01,1.40,-3.17,1.73,2.13
7377.79,-7.30,-9.33,-1.59,-3.55,3.37,3.07,1.49,-3.93,1.78,2.02
7451.56,-7.97,-9.89,-1.53,-3.37,3.31,3.13,1.58,-4.66,1.78,1.92
7526.08,-8.40,-10.21,-1.45,-3.16,3.18,3.13,1.66,-5.22,1.74,1.81
7601.34,-8.62,-10.33,-1.35,-2.94,3.01,3.12,1.74,-5.62,1.66,1.71
7677.35,-8.29,-9.89,-1.25,-2.72,2.79,3.05,1.80,-5.50,1.54,1.60
7754.13,-7.71,-9.21,-1.17,-2.51,2.57,2.97,1.86,-5.14,1.40,1.50
7831.67,-6.88,-8.28,-1.11,-2.32,2.36,2.85,1.90,-4.52,1.25,1.40
7909.98,-5.81,-7.10,-1.08,-2.16,2.19,2.72,1.93,-3.62,1.11,1.29
7989.08,-4.65,-5.84,-1.08,-2.03,2.05,2.56,1.95,-2.60,0.97,1.19
8068.98,-3.50,-4.58,-1.10,-1.92,1.93,2.41,1.97,-1.57,0.83,1.08
8149.67,-2.50,-3.46,-1.15,-1.83,1.83,2.23,1.96,-0.67,0.69,0.96
8231.16,-1.65,-2.49,-1.20,-1.75,1.75,2.06,1.95,0.10,0.54,0.84
8313.47,-1.07,-1.79,-1.27,-1.68,1.67,1.89,1.92,0.60,0.40,0.72
8396.61,-0.67,-1.27,-1.34,-1.62,1.60,1.72,1.90,0.93,0.26,0.59
8480.57,-0.42,-0.90,-1.41,-1.55,1.54,1.56,1.85,1.11,0.13,0.47
8565.38,-0.32,-0.67,-1.47,-1.48,1.47,1.41,1.80,1.14,-0.01,0.35
8651.03,-0.29,-0.52,-1.53,-1.40,1.39,1.27,1.73,1.10,-0.14,0.23
8737.54,-0.29,-0.40,-1.59,-1.32,1.32,1.13,1.66,1.02,-0.27,0.10
8824.92,-0.27,-0.25,-1.64,-1.23,1.23,1.01,1.58,0.96,-0.40,-0.03
8913.17,-0.21,-0.05,-1.69,-1.15,1.15,0.89,1.50,0.94,-0.54,-0.16
9002.30,-0.16,0.14,-1.73,-1.06,1.06,0.78,1.40,0.90,-0.67,-0.31
9092.32,-0.06,0.38,-1.77,-0.96,0.96,0.67,1.31,0.90,-0.80,-0.44
9183.25,0.04,0.60,-1.80,-0.87,0.87,0.57,1.21,0.90,-0.93,-0.57
9275.08,0.10,0.79,-1.83,-0.77,0.76,0.46,1.10,0.86,-1.06,-0.69
9367.83,0.13,0.96,-1.84,-0.66,0.66,0.35,0.99,0.78,-1.19,-0.83
9461.51,0.13,1.10,-1.85,-0.55,0.54,0.23,0.88,0.67,-1.31,-0.97
9556.12,0.14,1.27,-1.85,-0.43,0.42,0.09,0.77,0.55,-1.44,-1.13
9651.68,0.22,1.52,-1.84,-0.30,0.29,-0.05,0.66,0.51,-1.55,-1.30
9748.20,0.36,1.83,-1.83,-0.17,0.17,-0.22,0.54,0.53,-1.66,-1.47
9845.68,0.54,2.18,-1.80,-0.04,0.05,-0.39,0.43,0.59,-1.76,-1.64
9944.14,0.71,2.52,-1.78,0.08,-0.07,-0.58,0.31,0.64,-1.84,-1.81
10043.58,0.87,2.85,-1.75,0.21,-0.17,-0.78,0.19,0.69,-1.93,-1.98
10144.02,1.00,3.14,-1.83,0.29,-0.28,-0.99,0.07,0.72,-2.11,-2.14
10245.46,0.99,3.29,-1.91,0.37,-0.37,-1.20,-0.04,0.61,-2.28,-2.30
10347.91,0.76,3.24,-1.98,0.46,-0.46,-1.41,-0.16,0.29,-2.45,-2.48
10451.39,0.44,3.08,-2.06,0.54,-0.55,-1.63,-0.28,-0.11,-2.61,-2.64
10555.91,-0.01,2.78,-2.14,0.63,-0.64,-1.83,-0.40,-0.65,-2.77,-2.79
10661.46,-0.57,2.38,-2.21,0.72,-0.72,-2.04,-0.52,-1.30,-2.94,-2.95
10768.08,-1.14,2.02,-2.29,0.81,-0.81,-2.23,-0.64,-1.96,-3.10,-3.16
10875.76,-1.71,1.68,-2.36,0.91,-0.91,-2.42,-0.76,-2.62,-3.27,-3.39
10984.52,-2.22,1.42,-2.44,1.01,-1.01,-2.60,-0.89,-3.23,-3.44,-3.64
11094.36,-2.60,1.26,-2.51,1.11,-1.11,-2.78,-1.01,-3.71,-3.62,-3.86
11205.31,-2.83,1.24,-2.58,1.21,-1.21,-2.94,-1.14,-4.04,-3.79,-4.07
11317.36,-2.77,1.51,-2.65,1.31,-1.31,-3.11,-1.26,-4.09,-3.97,-4.28
11430.53,-2.48,2.04,-2.73,1.42,-1.42,-3.25,-1.39,-3.90,-4.15,-4.52
11544.84,-2.01,2.76,-2.80,1.53,-1.53,-3.40,-1.53,-3.54,-4.33,-4.77
11660.29,-1.31,3.71,-2.87,1.64,-1.64,-3.54,-1.66,-2.96,-4.51,-5.02
11776.89,-0.49,4.76,-2.94,1.76,-1.76,-3.67,-1.80,-2.25,-4.69,-5.25
11894.66,0.40,5.87,-3.01,1.87,-1.87,-3.80,-1.95,-1.48,-4.88,-5.48
12013.60,1.20,6.89,-3.08,1.99,-1.99,-3.92,-2.09,-0.79,-5.07,-5.70
12133.74,1.90,7.81,-3.14,2.11,-2.11,-4.04,-2.25,-0.22,-5.26,-5.91
12255.08,2.39,8.51,-3.21,2.24,-2.24,-4.15,-2.41,0.15,-5.45,-6.12
12377.63,2.67,9.01,-3.28,2.36,-2.36,-4.25,-2.58,0.31,-5.64,-6.34
12501.41,2.47,9.04,-3.35,2.49,-2.49,-4.36,-2.75,-0.02,-5.83,-6.57
12626.42,2.10,8.91,-3.41,2.62,-2.62,-4.45,-2.93,-0.52,-6.03,-6.81
12752.68,1.52,8.57,-3.48,2.75,-2.75,-4.55,-3.12,-1.23,-6.23,-7.05
12880.21,0.86,8.15,-3.54,2.89,-2.89,-4.64,-3.33,-2.03,-6.43,-7.29
13009.01,0.18,7.66,-3.61,3.02,-3.02,-4.73,-3.53,-2.85,-6.63,-7.49
13139.10,-0.46,7.19,-3.67,3.16,-3.16,-4.81,-3.76,-3.63,-6.83,-7.65
13270.49,-0.98,6.81,-3.73,3.30,-3.30,-4.89,-4.00,-4.29,-7.04,-7.79
13403.20,-1.39,6.53,-3.80,3.45,-3.45,-4.96,-4.26,-4.84,-7.24,-7.92
13537.23,-1.67,6.37,-3.86,3.59,-3.59,-5.03,-4.52,-5.27,-7.45,-8.04
13672.60,-1.81,6.35,-3.92,3.74,-3.74,-5.10,-4.81,-5.56,-7.66,-8.17
13809.33,-1.92,6.37,-3.98,3.89,-3.89,-5.16,-5.12,-5.82,-7.87,-8.29
13947.42,-1.92,6.48,-4.04,4.05,-4.05,-5.22,-5.45,-5.97,-8.09,-8.40
14086.90,-1.98,6.53,-4.10,4.20,-4.20,-5.28,-5.80,-6.19,-8.30,-8.52
14227.77,-2.18,6.44,-4.16,4.36,-4.36,-5.34,-6.19,-6.54,-8.52,-8.62
14370.04,-2.50,6.23,-4.22,4.52,-4.52,-5.39,-6.59,-7.02,-8.74,-8.73
14513.74,-2.95,5.88,-4.28,4.68,-4.68,-5.44,-7.04,-7.64,-8.96,-8.83
14658.88,-3.62,5.32,-4.34,4.85,-4.85,-5.49,-7.50,-8.47,-9.18,-8.94
14805.47,-4.45,4.57,-4.39,5.01,-5.01,-5.53,-8.00,-9.47,-9.41,-9.03
14953.52,-5.35,3.76,-4.45,5.18,-5.18,-5.57,-8.52,-10.54,-9.63,-9.11
15103.06,-6.16,3.02,-4.51,5.36,-5.36,-5.61,-9.06,-11.52,-9.86,-9.18
15254.09,-6.82,2.43,-4.56,5.53,-5.53,-5.65,-9.60,-12.35,-10.09,-9.25
15406.63,-7.26,2.07,-4.62,5.71,-5.71,-5.68,-10.13,-12.97,-10.32,-9.33
15560.70,-7.21,2.21,-4.67,5.88,-5.88,-5.71,-10.61,-13.10,-10.55,-9.42
15716.30,-6.76,2.77,-4.72,6.06,-6.06,-5.74,-10.99,-12.83,-10.79,-9.54
15873.47,-6.15,3.50,-4.78,6.25,-6.25,-5.77,-11.25,-12.40,-11.03,-9.65
16032.20,-5.38,4.39,-4.83,6.43,-6.43,-5.80,-11.28,-11.82,-11.26,-9.77
16192.52,-4.58,5.31,-4.88,6.62,-6.62,-5.82,-11.17,-11.20,-11.50,-9.89
16354.45,-3.95,6.09,-4.93,6.81,-6.81,-5.84,-10.79,-10.76,-11.75,-10.04
16517.99,-3.44,6.77,-4.99,7.00,-7.00,-5.86,-10.31,-10.45,-11.99,-10.22
16683.17,-3.28,7.14,-5.04,7.20,-7.20,-5.88,-9.65,-10.48,-12.23,-10.43
16850.01,-3.50,7.13,-5.09,7.40,-7.40,-5.90,-8.96,-10.90,-12.48,-10.64
17018.51,-3.77,7.08,-5.14,7.59,-7.59,-5.92,-8.22,-11.37,-12.73,-10.85
17188.69,-4.11,6.98,-5.18,7.80,-7.80,-5.93,-7.49,-11.91,-12.98,-11.09
17360.58,-4.43,6.96,-5.23,8.00,-8.00,-5.95,-6.77,-12.43,-13.23,-11.39
17534.18,-4.70,7.07,-5.28,8.21,-8.21,-5.96,-6.09,-12.91,-13.49,-11.77
17709.53,-4.94,7.33,-5.33,8.41,-8.41,-5.97,-5.45,-13.36,-13.74,-12.27
17886.62,-5.16,7.56,-5.37,8.63,-8.63,-5.98,-4.85,-13.79,-14.00,-12.73
18065.49,-5.48,7.72,-5.42,8.84,-8.84,-5.99,-4.31,-14.32,-14.26,-13.20
18246.14,-5.93,7.78,-5.47,9.05,-9.05,-6.00,-3.80,-14.99,-14.52,-13.71
18428.60,-6.52,7.77,-5.51,9.27,-9.27,-6.00,-3.34,-15.79,-14.78,-14.30
18612.89,-7.25,7.74,-5.55,9.49,-9.49,-6.01,-2.91,-16.74,-15.05,-14.99
18799.02,-8.06,7.71,-5.60,9.71,-9.71,-6.02,-2.53,-17.78,-15.31,-15.78
18987.01,-8.95,7.61,-5.64,9.94,-9.94,-6.02,-2.17,-18.89,-15.58,-16.57
19176.88,-9.76,7.57,-5.68,10.17,-10.17,-6.03,-1.86,-19.93,-15.85,-17.34
19368.65,-10.46,7.73,-5.73,10.40,-10.40,-6.03,-1.58,-20.86,-16.12,-18.19
19562.33,-11.07,8.36,-5.77,10.63,-10.63,-6.03,-1.32,-21.70,-16.40,-19.44
19757.96,-11.48,9.12,-5.81,10.86,-10.86,-6.04,-1.07,-22.34,-16.67,-20.60
19955.54,-11.72,10.02,-5.85,11.10,-11.10,-6.04,-0.82,-22.82,-16.95,-21.74
