frequency,raw,error,smoothed,error_smoothed,equalization,parametric_eq,fixed_band_eq,equalized_raw,equalized_smoothed,target
20.00,13.28,5.92,13.28,5.91,-5.93,-5.15,-2.72,7.35,7.35,7.36
20.20,13.32,5.97,13.32,5.98,-5.98,-5.15,-2.80,7.34,7.34,7.35
20.40,13.36,6.03,13.36,6.03,-6.03,-5.15,-2.88,7.33,7.33,7.33
20.61,13.40,6.08,13.40,6.08,-6.08,-5.15,-2.96,7.32,7.32,7.32
20.81,13.43,6.13,13.44,6.13,-6.12,-5.14,-3.05,7.31,7.32,7.30
21.02,13.47,6.18,13.46,6.17,-6.15,-5.14,-3.13,7.32,7.31,7.29
21.23,13.47,6.19,13.47,6.20,-6.18,-5.14,-3.22,7.29,7.29,7.28
21.44,13.47,6.20,13.47,6.21,-6.21,-5.14,-3.32,7.26,7.27,7.27
21.66,13.47,6.22,13.47,6.22,-6.22,-5.14,-3.41,7.25,7.25,7.25
21.87,13.47,6.22,13.47,6.23,-6.24,-5.14,-3.51,7.23,7.23,7.25
22.09,13.47,6.23,13.47,6.24,-6.25,-5.14,-3.61,7.22,7.22,7.24
22.31,13.47,6.25,13.47,6.25,-6.25,-5.14,-3.71,7.22,7.22,7.23
22.54,13.47,6.26,13.47,6.26,-6.26,-5.14,-3.81,7.22,7.22,7.21
22.76,13.47,6.27,13.47,6.27,-6.25,-5.14,-3.92,7.22,7.22,7.20
22.99,13.47,6.27,13.46,6.26,-6.25,-5.14,-4.03,7.22,7.22,7.20
23.22,13.45,6.26,13.45,6.25,-6.24,-5.13,-4.15,7.21,7.21,7.19
23.45,13.42,6.23,13.43,6.23,-6.24,-5.13,-4.26,7.18,7.19,7.19
23.69,13.40,6.21,13.40,6.21,-6.23,-5.13,-4.38,7.17,7.17,7.19
23.92,13.38,6.19,13.38,6.19,-6.23,-5.13,-4.50,7.15,7.16,7.19
24.16,13.37,6.18,13.37,6.18,-6.21,-5.13,-4.62,7.16,7.16,7.19
24.40,13.37,6.18,13.37,6.19,-6.18,-5.13,-4.75,7.19,7.19,7.19
24.65,13.37,6.18,13.38,6.19,-6.14,-5.13,-4.88,7.23,7.24,7.19
24.89,13.37,6.18,13.35,6.17,-6.09,-5.13,-5.00,7.28,7.26,7.19
25.14,13.31,6.12,13.29,6.11,-6.04,-5.13,-5.13,7.27,7.25,7.19
25.39,13.19,6.00,13.19,6.01,-6.00,-5.12,-5.27,7.19,7.19,7.18
25.65,13.08,5.91,13.08,5.90,-5.97,-5.12,-5.40,7.11,7.11,7.17
25.91,12.97,5.80,13.00,5.83,-5.94,-5.12,-5.53,7.03,7.06,7.17
26.16,12.97,5.81,12.98,5.82,-5.92,-5.12,-5.66,7.05,7.07,7.16
26.43,13.03,5.87,13.03,5.88,-5.89,-5.12,-5.79,7.14,7.14,7.16
26.69,13.10,5.95,13.10,5.95,-5.87,-5.12,-5.92,7.23,7.23,7.15
26.96,13.16,6.02,13.12,5.98,-5.87,-5.11,-6.05,7.29,7.26,7.14
27.23,13.09,5.95,13.09,5.96,-5.87,-5.11,-6.18,7.22,7.22,7.14
27.50,13.00,5.88,13.00,5.88,-5.89,-5.11,-6.30,7.11,7.11,7.13
27.77,12.91,5.80,12.91,5.80,-5.90,-5.11,-6.42,7.01,7.02,7.11
28.05,12.84,5.74,12.88,5.77,-5.89,-5.11,-6.54,6.95,6.99,7.10
28.33,12.91,5.81,12.92,5.82,-5.86,-5.10,-6.65,7.05,7.06,7.10
28.62,12.98,5.88,12.98,5.88,-5.82,-5.10,-6.75,7.16,7.16,7.10
28.90,13.05,5.96,13.01,5.92,-5.78,-5.10,-6.85,7.27,7.23,7.09
29.19,12.98,5.88,12.96,5.87,-5.76,-5.10,-6.94,7.22,7.20,7.10
29.48,12.84,5.75,12.84,5.75,-5.75,-5.09,-7.02,7.09,7.09,7.09
29.78,12.70,5.61,12.72,5.62,-5.74,-5.09,-7.09,6.96,6.98,7.09
30.08,12.62,5.53,12.66,5.57,-5.71,-5.09,-7.15,6.91,6.95,7.09
30.38,12.70,5.61,12.71,5.62,-5.67,-5.09,-7.20,7.03,7.04,7.09
30.68,12.78,5.69,12.78,5.69,-5.62,-5.08,-7.24,7.16,7.15,7.09
30.99,12.86,5.77,12.81,5.72,-5.60,-5.08,-7.27,7.26,7.21,7.08
31.30,12.75,5.67,12.74,5.66,-5.59,-5.08,-7.28,7.16,7.15,7.08
31.61,12.63,5.55,12.64,5.56,-5.60,-5.07,-7.29,7.04,7.04,7.08
31.93,12.51,5.43,12.55,5.48,-5.58,-5.07,-7.28,6.93,6.97,7.08
32.24,12.54,5.48,12.56,5.49,-5.54,-5.07,-7.27,7.00,7.02,7.07
32.57,12.61,5.55,12.61,5.55,-5.50,-5.06,-7.24,7.11,7.11,7.06
32.89,12.69,5.63,12.64,5.58,-5.47,-5.06,-7.20,7.22,7.17,7.06
33.22,12.61,5.55,12.58,5.52,-5.47,-5.06,-7.15,7.14,7.11,7.06
33.55,12.47,5.41,12.47,5.42,-5.49,-5.05,-7.10,6.97,6.97,7.06
33.89,12.33,5.29,12.39,5.35,-5.52,-5.05,-7.03,6.81,6.88,7.04
34.23,12.41,5.37,12.46,5.42,-5.52,-5.04,-6.96,6.89,6.93,7.04
34.57,12.60,5.56,12.60,5.56,-5.51,-5.04,-6.88,7.09,7.09,7.04
34.92,12.79,5.76,12.70,5.67,-5.50,-5.03,-6.80,7.29,7.21,7.03
35.27,12.70,5.67,12.66,5.63,-5.48,-5.03,-6.71,7.22,7.18,7.03
35.62,12.50,5.48,12.53,5.50,-5.47,-5.02,-6.62,7.03,7.05,7.03
35.97,12.31,5.30,12.38,5.36,-5.45,-5.02,-6.52,6.86,6.93,7.01
36.33,12.32,5.31,12.32,5.31,-5.42,-5.01,-6.42,6.90,6.90,7.01
36.70,12.34,5.34,12.32,5.32,-5.38,-5.01,-6.32,6.96,6.94,7.00
37.06,12.35,5.35,12.33,5.33,-5.33,-5.00,-6.22,7.02,7.00,7.00
37.43,12.30,5.31,12.30,5.31,-5.28,-4.99,-6.12,7.02,7.02,6.99
37.81,12.25,5.27,12.26,5.28,-5.24,-4.99,-6.02,7.02,7.02,6.98
38.19,12.21,5.24,12.22,5.26,-5.21,-4.98,-5.92,7.00,7.02,6.97
38.57,12.19,5.24,12.19,5.24,-5.19,-4.97,-5.82,7.00,7.00,6.95
38.95,12.16,5.22,12.13,5.18,-5.19,-4.97,-5.72,6.97,6.94,6.94
39.34,12.05,5.12,12.02,5.09,-5.18,-4.96,-5.62,6.87,6.84,6.93
39.74,11.92,5.00,11.95,5.03,-5.17,-4.95,-5.53,6.75,6.78,6.92
40.14,11.90,5.00,12.00,5.10,-5.16,-4.94,-5.43,6.74,6.84,6.90
40.54,12.12,5.23,12.12,5.23,-5.17,-4.93,-5.35,6.95,6.96,6.89
40.94,12.33,5.45,12.18,5.30,-5.17,-4.92,-5.26,7.16,7.01,6.88
41.35,12.14,5.26,12.11,5.24,-5.17,-4.91,-5.18,6.97,6.94,6.87
41.76,11.89,5.02,11.97,5.10,-5.14,-4.90,-5.09,6.75,6.83,6.87
42.18,11.81,4.95,11.92,5.05,-5.10,-4.89,-5.02,6.71,6.82,6.86
42.60,11.96,5.11,11.94,5.09,-5.04,-4.88,-4.94,6.92,6.90,6.86
43.03,12.07,5.22,11.90,5.05,-4.97,-4.87,-4.87,7.10,6.93,6.85
43.46,11.76,4.92,11.76,4.91,-4.90,-4.86,-4.81,6.86,6.86,6.84
43.90,11.45,4.61,11.59,4.75,-4.84,-4.85,-4.74,6.61,6.75,6.84
44.33,11.47,4.64,11.50,4.66,-4.80,-4.83,-4.68,6.67,6.70,6.84
44.78,11.60,4.77,11.54,4.71,-4.77,-4.82,-4.63,6.83,6.77,6.83
45.23,11.64,4.82,11.61,4.79,-4.74,-4.81,-4.58,6.90,6.87,6.82
45.68,11.59,4.78,11.61,4.79,-4.73,-4.79,-4.53,6.87,6.88,6.81
46.13,11.55,4.75,11.55,4.75,-4.73,-4.78,-4.48,6.82,6.83,6.80
46.60,11.50,4.71,11.50,4.71,-4.73,-4.76,-4.44,6.78,6.78,6.79
47.06,11.46,4.68,11.47,4.69,-4.71,-4.75,-4.40,6.75,6.76,6.78
47.53,11.44,4.67,11.45,4.67,-4.66,-4.73,-4.36,6.78,6.78,6.77
48.01,11.43,4.68,11.42,4.67,-4.60,-4.71,-4.33,6.83,6.83,6.75
48.49,11.36,4.62,11.37,4.63,-4.54,-4.69,-4.30,6.82,6.83,6.74
48.97,11.28,4.56,11.22,4.49,-4.49,-4.67,-4.27,6.79,6.72,6.72
49.46,11.07,4.36,11.05,4.34,-4.45,-4.65,-4.25,6.62,6.61,6.71
49.96,10.85,4.15,10.99,4.29,-4.40,-4.63,-4.23,6.46,6.60,6.70
50.46,10.99,4.30,11.00,4.31,-4.35,-4.61,-4.21,6.64,6.65,6.69
50.96,11.17,4.49,11.05,4.37,-4.32,-4.58,-4.19,6.85,6.73,6.68
51.47,11.06,4.39,11.06,4.39,-4.30,-4.56,-4.18,6.76,6.76,6.67
51.99,10.93,4.28,10.96,4.31,-4.30,-4.54,-4.17,6.63,6.66,6.66
52.51,10.86,4.23,10.86,4.23,-4.30,-4.51,-4.16,6.56,6.56,6.63
53.03,10.81,4.19,10.88,4.26,-4.29,-4.48,-4.15,6.52,6.58,6.62
53.56,10.92,4.32,10.90,4.30,-4.27,-4.45,-4.14,6.65,6.63,6.60
54.10,10.98,4.39,10.89,4.30,-4.24,-4.43,-4.13,6.74,6.65,6.59
54.64,10.80,4.23,10.83,4.26,-4.20,-4.40,-4.13,6.60,6.63,6.57
55.18,10.67,4.12,10.73,4.17,-4.17,-4.36,-4.12,6.50,6.55,6.56
55.74,10.66,4.12,10.64,4.10,-4.16,-4.33,-4.12,6.50,6.48,6.54
56.29,10.62,4.10,10.60,4.08,-4.15,-4.30,-4.11,6.48,6.46,6.52
56.86,10.56,4.06,10.58,4.08,-4.11,-4.27,-4.11,6.45,6.47,6.50
57.42,10.55,4.07,10.56,4.07,-4.07,-4.23,-4.10,6.48,6.49,6.48
58.00,10.55,4.09,10.53,4.06,-4.02,-4.19,-4.09,6.53,6.50,6.46
58.58,10.49,4.05,10.50,4.06,-3.97,-4.16,-4.09,6.52,6.53,6.44
59.16,10.43,4.01,10.45,4.03,-3.92,-4.12,-4.08,6.51,6.52,6.42
59.76,10.37,3.97,10.30,3.90,-3.89,-4.08,-4.07,6.49,6.41,6.40
60.35,10.19,3.81,10.16,3.78,-3.85,-4.04,-4.06,6.34,6.31,6.38
60.96,9.93,3.56,10.10,3.73,-3.83,-4.01,-4.04,6.10,6.27,6.37
61.57,10.10,3.75,10.05,3.71,-3.82,-3.97,-4.03,6.28,6.23,6.35
62.18,10.19,3.87,10.06,3.74,-3.82,-3.93,-4.01,6.37,6.25,6.32
62.80,10.03,3.74,10.17,3.88,-3.82,-3.89,-3.99,6.21,6.35,6.29
63.43,10.14,3.88,10.18,3.92,-3.82,-3.85,-3.97,6.32,6.35,6.26
64.07,10.31,4.08,10.13,3.90,-3.82,-3.81,-3.95,6.49,6.31,6.23
64.71,10.01,3.81,10.07,3.87,-3.80,-3.77,-3.92,6.21,6.27,6.20
65.35,9.87,3.71,9.96,3.80,-3.76,-3.74,-3.89,6.11,6.20,6.16
66.01,9.86,3.73,9.84,3.71,-3.71,-3.70,-3.87,6.15,6.13,6.13
66.67,9.81,3.72,9.72,3.62,-3.66,-3.67,-3.83,6.15,6.06,6.10
67.33,9.63,3.56,9.60,3.54,-3.61,-3.64,-3.80,6.02,5.99,6.07
68.01,9.34,3.32,9.52,3.49,-3.58,-3.61,-3.77,5.76,5.94,6.03
68.69,9.55,3.56,9.50,3.51,-3.56,-3.58,-3.74,5.99,5.94,5.99
69.37,9.61,3.66,9.53,3.58,-3.56,-3.56,-3.70,6.05,5.97,5.95
70.07,9.54,3.62,9.56,3.64,-3.57,-3.54,-3.67,5.97,5.99,5.92
70.77,9.47,3.60,9.50,3.62,-3.58,-3.52,-3.63,5.89,5.92,5.88
71.48,9.44,3.60,9.44,3.60,-3.60,-3.50,-3.59,5.85,5.85,5.84
72.19,9.41,3.61,9.40,3.60,-3.59,-3.48,-3.56,5.82,5.81,5.80
72.91,9.35,3.59,9.35,3.59,-3.58,-3.47,-3.52,5.77,5.77,5.76
73.64,9.28,3.56,9.27,3.55,-3.55,-3.46,-3.49,5.73,5.72,5.72
74.38,9.20,3.52,9.23,3.54,-3.52,-3.45,-3.45,5.68,5.71,5.69
75.12,9.14,3.49,9.15,3.51,-3.50,-3.44,-3.42,5.64,5.65,5.65
75.87,9.14,3.54,9.04,3.44,-3.49,-3.44,-3.38,5.65,5.55,5.60
76.63,8.91,3.35,8.96,3.40,-3.48,-3.43,-3.35,5.43,5.48,5.56
77.40,8.85,3.33,8.97,3.46,-3.46,-3.43,-3.32,5.39,5.51,5.52
78.17,8.98,3.51,8.91,3.44,-3.43,-3.43,-3.29,5.55,5.48,5.47
78.95,9.08,3.65,8.89,3.45,-3.40,-3.43,-3.27,5.68,5.49,5.43
79.74,8.62,3.23,8.89,3.50,-3.37,-3.43,-3.24,5.25,5.52,5.39
80.54,8.79,3.45,8.76,3.42,-3.35,-3.43,-3.22,5.44,5.41,5.34
81.35,8.82,3.52,8.57,3.27,-3.35,-3.43,-3.20,5.47,5.22,5.30
82.16,8.34,3.09,8.47,3.22,-3.35,-3.43,-3.18,5.00,5.13,5.25
82.98,8.25,3.05,8.42,3.22,-3.34,-3.43,-3.16,4.91,5.08,5.20
83.81,8.49,3.34,8.48,3.33,-3.37,-3.43,-3.14,5.12,5.11,5.15
84.65,8.77,3.67,8.55,3.45,-3.39,-3.43,-3.13,5.38,5.15,5.10
85.50,8.53,3.49,8.50,3.46,-3.41,-3.43,-3.12,5.13,5.10,5.04
86.35,8.22,3.23,8.50,3.50,-3.42,-3.42,-3.11,4.80,5.08,4.99
87.22,8.41,3.47,8.38,3.44,-3.41,-3.42,-3.11,5.00,4.97,4.94
88.09,8.64,3.76,8.35,3.46,-3.38,-3.42,-3.10,5.26,4.96,4.88
88.97,8.01,3.19,8.27,3.45,-3.35,-3.42,-3.10,4.67,4.93,4.82
89.86,8.12,3.36,8.03,3.26,-3.31,-3.42,-3.10,4.81,4.72,4.76
90.76,7.86,3.15,7.81,3.11,-3.28,-3.41,-3.11,4.58,4.53,4.71
91.66,7.66,3.01,7.81,3.16,-3.26,-3.41,-3.11,4.40,4.54,4.65
92.58,7.80,3.22,7.78,3.19,-3.26,-3.40,-3.12,4.55,4.52,4.58
93.51,7.91,3.39,7.83,3.31,-3.28,-3.40,-3.13,4.64,4.56,4.52
94.44,7.85,3.39,7.86,3.40,-3.31,-3.40,-3.14,4.54,4.56,4.46
95.39,7.79,3.40,7.80,3.41,-3.35,-3.39,-3.15,4.44,4.45,4.39
96.34,7.72,3.39,7.72,3.39,-3.41,-3.39,-3.17,4.31,4.31,4.33
97.30,7.65,3.40,7.64,3.38,-3.44,-3.38,-3.19,4.21,4.19,4.25
98.28,7.58,3.39,7.63,3.45,-3.45,-3.38,-3.21,4.13,4.19,4.19
99.26,7.57,3.46,7.63,3.52,-3.44,-3.38,-3.23,4.13,4.19,4.11
100.25,7.69,3.65,7.50,3.46,-3.42,-3.37,-3.25,4.27,4.08,4.04
101.25,7.39,3.43,7.36,3.40,-3.40,-3.37,-3.28,3.99,3.97,3.96
102.27,6.98,3.10,7.27,3.39,-3.38,-3.37,-3.30,3.60,3.89,3.88
103.29,7.25,3.44,7.11,3.31,-3.38,-3.37,-3.33,3.88,3.74,3.81
104.32,7.22,3.49,7.04,3.32,-3.37,-3.36,-3.35,3.85,3.68,3.73
105.37,6.80,3.16,7.01,3.36,-3.36,-3.36,-3.38,3.45,3.65,3.64
106.42,6.90,3.33,6.89,3.32,-3.35,-3.36,-3.41,3.55,3.54,3.57
107.48,6.91,3.42,6.84,3.35,-3.36,-3.36,-3.43,3.55,3.48,3.49
108.56,6.83,3.42,6.85,3.43,-3.37,-3.37,-3.46,3.46,3.48,3.42
109.64,6.77,3.43,6.76,3.42,-3.38,-3.37,-3.49,3.39,3.38,3.34
110.74,6.65,3.38,6.66,3.39,-3.38,-3.37,-3.51,3.27,3.28,3.27
111.85,6.58,3.38,6.58,3.38,-3.38,-3.37,-3.53,3.20,3.20,3.20
112.97,6.48,3.35,6.49,3.36,-3.37,-3.38,-3.56,3.11,3.12,3.13
114.10,6.43,3.36,6.42,3.35,-3.37,-3.38,-3.58,3.06,3.05,3.07
115.24,6.34,3.34,6.35,3.34,-3.36,-3.38,-3.59,2.98,2.99,3.00
116.39,6.28,3.34,6.29,3.35,-3.35,-3.39,-3.61,2.93,2.94,2.94
117.55,6.23,3.35,6.22,3.34,-3.35,-3.39,-3.62,2.88,2.88,2.88
118.73,6.17,3.35,6.17,3.35,-3.35,-3.39,-3.63,2.82,2.82,2.82
119.92,6.11,3.34,6.12,3.35,-3.35,-3.39,-3.64,2.76,2.77,2.77
121.12,6.06,3.36,6.06,3.35,-3.35,-3.39,-3.64,2.71,2.71,2.70
122.33,6.01,3.36,6.01,3.35,-3.34,-3.38,-3.64,2.68,2.67,2.65
123.55,5.95,3.34,5.95,3.35,-3.33,-3.38,-3.64,2.62,2.63,2.61
124.79,5.90,3.34,5.89,3.34,-3.33,-3.37,-3.63,2.57,2.56,2.56
126.03,5.83,3.33,5.83,3.33,-3.33,-3.36,-3.62,2.50,2.50,2.50
127.29,5.77,3.31,5.77,3.32,-3.35,-3.35,-3.60,2.42,2.42,2.46
128.57,5.72,3.31,5.70,3.29,-3.37,-3.33,-3.58,2.35,2.33,2.41
129.85,5.66,3.30,5.67,3.31,-3.38,-3.32,-3.56,2.28,2.30,2.36
131.15,5.64,3.33,5.75,3.44,-3.38,-3.30,-3.53,2.26,2.37,2.31
132.46,5.80,3.54,5.73,3.47,-3.39,-3.28,-3.50,2.41,2.34,2.26
133.79,5.84,3.63,5.63,3.41,-3.39,-3.26,-3.47,2.46,2.24,2.21
135.12,5.35,3.19,5.58,3.42,-3.36,-3.24,-3.43,1.99,2.22,2.16
136.48,5.34,3.22,5.47,3.35,-3.34,-3.22,-3.39,2.00,2.13,2.12
137.84,5.62,3.56,5.28,3.21,-3.30,-3.19,-3.35,2.32,1.98,2.06
139.22,5.18,3.16,5.29,3.27,-3.25,-3.17,-3.30,1.94,2.04,2.02
140.61,4.93,2.96,5.22,3.25,-3.21,-3.15,-3.26,1.72,2.01,1.97
142.02,5.37,3.46,5.00,3.09,-3.19,-3.13,-3.21,2.18,1.81,1.91
143.44,4.95,3.09,4.98,3.11,-3.17,-3.11,-3.16,1.78,1.80,1.86
144.87,4.67,2.85,4.99,3.17,-3.16,-3.09,-3.11,1.51,1.83,1.82
146.32,5.08,3.31,4.87,3.10,-3.15,-3.07,-3.06,1.93,1.73,1.77
147.78,5.03,3.32,4.91,3.19,-3.12,-3.06,-3.01,1.91,1.79,1.71
149.26,4.70,3.03,4.93,3.27,-3.09,-3.04,-2.96,1.61,1.84,1.67
150.75,4.84,3.22,4.72,3.10,-3.07,-3.03,-2.91,1.77,1.64,1.62
152.26,4.70,3.13,4.58,3.00,-3.07,-3.01,-2.86,1.63,1.51,1.57
153.78,4.28,2.74,4.55,3.02,-3.06,-3.00,-2.81,1.22,1.49,1.54
155.32,4.52,3.03,4.41,2.92,-3.05,-2.99,-2.76,1.47,1.36,1.49
156.88,4.55,3.10,4.41,2.95,-3.05,-2.98,-2.71,1.50,1.35,1.45
158.44,4.25,2.84,4.50,3.09,-3.04,-2.97,-2.66,1.21,1.46,1.42
160.03,4.58,3.21,4.49,3.12,-3.03,-2.96,-2.61,1.55,1.46,1.37
161.63,4.57,3.24,4.46,3.12,-3.04,-2.95,-2.57,1.53,1.42,1.33
163.24,4.36,3.07,4.41,3.12,-3.03,-2.94,-2.52,1.33,1.38,1.29
164.88,4.19,2.94,4.24,2.99,-3.00,-2.93,-2.48,1.19,1.24,1.25
166.53,4.13,2.92,4.12,2.91,-2.97,-2.92,-2.44,1.16,1.14,1.21
168.19,4.06,2.89,4.05,2.87,-2.92,-2.91,-2.40,1.14,1.12,1.17
169.87,3.98,2.84,3.98,2.85,-2.86,-2.90,-2.36,1.12,1.12,1.14
171.57,3.91,2.81,3.91,2.81,-2.81,-2.89,-2.33,1.10,1.11,1.10
173.29,3.84,2.78,3.84,2.78,-2.75,-2.88,-2.29,1.09,1.09,1.06
175.02,3.78,2.75,3.77,2.74,-2.72,-2.87,-2.26,1.06,1.05,1.03
176.77,3.70,2.70,3.70,2.70,-2.69,-2.86,-2.23,1.01,1.01,1.00
178.54,3.62,2.65,3.63,2.66,-2.68,-2.84,-2.20,0.94,0.96,0.97
180.32,3.57,2.62,3.57,2.62,-2.66,-2.83,-2.17,0.91,0.90,0.95
182.13,3.52,2.60,3.48,2.56,-2.64,-2.81,-2.14,0.88,0.84,0.92
183.95,3.46,2.56,3.52,2.62,-2.61,-2.80,-2.12,0.85,0.91,0.90
185.79,3.43,2.56,3.52,2.64,-2.59,-2.78,-2.10,0.84,0.93,0.87
187.65,3.72,2.86,3.46,2.61,-2.55,-2.76,-2.07,1.17,0.91,0.86
189.52,3.29,2.45,3.43,2.60,-2.52,-2.74,-2.05,0.78,0.92,0.84
191.42,3.23,2.41,3.30,2.48,-2.48,-2.71,-2.04,0.75,0.82,0.82
193.33,3.32,2.52,3.13,2.32,-2.44,-2.69,-2.02,0.88,0.69,0.80
195.27,2.98,2.19,3.16,2.37,-2.39,-2.66,-2.00,0.59,0.78,0.79
197.22,3.08,2.31,3.12,2.34,-2.33,-2.63,-1.99,0.75,0.78,0.78
199.19,3.26,2.50,3.01,2.25,-2.28,-2.60,-1.98,0.98,0.73,0.76
201.18,2.87,2.13,3.04,2.30,-2.24,-2.56,-1.96,0.63,0.80,0.74
203.19,2.85,2.13,2.97,2.24,-2.21,-2.53,-1.95,0.64,0.76,0.73
205.23,3.09,2.38,2.81,2.11,-2.19,-2.49,-1.94,0.90,0.63,0.71
207.28,2.72,2.03,2.83,2.14,-2.16,-2.45,-1.93,0.56,0.67,0.69
209.35,2.61,1.94,2.80,2.13,-2.11,-2.41,-1.92,0.50,0.69,0.67
211.44,2.94,2.28,2.73,2.07,-2.07,-2.36,-1.91,0.87,0.66,0.66
213.56,2.72,2.08,2.73,2.09,-2.03,-2.32,-1.91,0.69,0.70,0.64
215.69,2.59,1.97,2.65,2.03,-1.99,-2.27,-1.90,0.61,0.67,0.62
217.85,2.52,1.91,2.51,1.90,-1.94,-2.22,-1.89,0.58,0.57,0.61
220.03,2.44,1.86,2.44,1.86,-1.89,-2.17,-1.88,0.55,0.56,0.58
222.23,2.40,1.83,2.39,1.82,-1.83,-2.11,-1.87,0.57,0.57,0.57
224.45,2.33,1.77,2.34,1.78,-1.78,-2.06,-1.86,0.55,0.57,0.56
226.70,2.30,1.75,2.29,1.74,-1.72,-2.00,-1.85,0.58,0.56,0.55
228.96,2.22,1.68,2.22,1.68,-1.67,-1.94,-1.83,0.55,0.55,0.54
231.25,2.14,1.60,2.12,1.59,-1.63,-1.88,-1.82,0.51,0.50,0.54
233.57,2.08,1.55,2.12,1.59,-1.59,-1.82,-1.81,0.49,0.53,0.53
235.90,2.04,1.51,2.13,1.60,-1.57,-1.76,-1.79,0.47,0.56,0.53
238.26,2.27,1.75,2.05,1.53,-1.54,-1.70,-1.77,0.73,0.51,0.52
240.64,1.97,1.44,1.99,1.46,-1.52,-1.64,-1.75,0.45,0.47,0.53
243.05,1.78,1.25,2.01,1.48,-1.49,-1.58,-1.73,0.30,0.52,0.53
245.48,2.06,1.53,1.99,1.46,-1.46,-1.51,-1.71,0.61,0.54,0.53
247.93,2.21,1.68,2.03,1.50,-1.43,-1.45,-1.68,0.78,0.60,0.53
250.41,1.92,1.38,1.99,1.45,-1.40,-1.38,-1.65,0.52,0.60,0.54
252.92,1.81,1.27,1.87,1.33,-1.36,-1.32,-1.62,0.45,0.50,0.54
255.45,1.77,1.23,1.80,1.26,-1.33,-1.25,-1.59,0.44,0.46,0.54
258.00,1.83,1.30,1.77,1.23,-1.28,-1.19,-1.55,0.55,0.49,0.53
260.58,1.80,1.27,1.78,1.25,-1.22,-1.12,-1.51,0.58,0.56,0.53
263.19,1.63,1.11,1.74,1.22,-1.15,-1.06,-1.48,0.48,0.59,0.52
265.82,1.77,1.27,1.64,1.13,-1.07,-0.99,-1.43,0.70,0.56,0.51
268.48,1.49,0.99,1.52,1.03,-1.00,-0.93,-1.39,0.49,0.52,0.50
271.16,1.36,0.88,1.41,0.92,-0.93,-0.86,-1.34,0.43,0.47,0.48
273.87,1.28,0.81,1.27,0.79,-0.86,-0.80,-1.30,0.42,0.40,0.47
276.61,1.21,0.75,1.21,0.75,-0.79,-0.74,-1.25,0.42,0.42,0.46
279.38,1.16,0.70,1.15,0.70,-0.72,-0.67,-1.20,0.44,0.43,0.46
282.17,1.10,0.66,1.07,0.62,-0.66,-0.61,-1.14,0.44,0.41,0.44
284.99,1.03,0.59,1.09,0.65,-0.61,-0.55,-1.09,0.42,0.47,0.44
287.84,0.99,0.56,1.09,0.66,-0.59,-0.49,-1.03,0.40,0.50,0.43
290.72,1.24,0.82,0.99,0.57,-0.57,-0.43,-0.98,0.67,0.41,0.42
293.63,0.87,0.46,0.92,0.51,-0.57,-0.37,-0.92,0.30,0.35,0.41
296.57,0.66,0.25,0.90,0.49,-0.56,-0.31,-0.86,0.10,0.34,0.41
299.53,1.01,0.60,0.89,0.48,-0.52,-0.25,-0.80,0.49,0.36,0.41
302.53,1.04,0.63,0.96,0.56,-0.48,-0.19,-0.74,0.56,0.49,0.41
305.55,0.93,0.53,0.95,0.54,-0.41,-0.13,-0.68,0.52,0.53,0.40
308.61,0.80,0.41,0.84,0.45,-0.36,-0.08,-0.62,0.44,0.48,0.39
311.69,0.67,0.28,0.73,0.34,-0.32,-0.02,-0.56,0.35,0.41,0.39
314.81,0.71,0.33,0.54,0.16,-0.26,0.03,-0.50,0.45,0.28,0.38
317.96,0.39,0.02,0.43,0.05,-0.20,0.09,-0.44,0.20,0.23,0.37
321.14,0.20,-0.17,0.43,0.07,-0.12,0.14,-0.38,0.08,0.31,0.37
324.35,0.55,0.19,0.44,0.09,-0.06,0.19,-0.31,0.49,0.38,0.36
327.59,0.64,0.30,0.47,0.12,-0.02,0.24,-0.25,0.62,0.45,0.34
330.87,0.34,-0.00,0.41,0.07,-0.00,0.29,-0.19,0.34,0.40,0.34
334.18,0.18,-0.16,0.25,-0.09,0.02,0.34,-0.12,0.20,0.27,0.34
337.52,0.16,-0.18,0.18,-0.15,0.05,0.39,-0.06,0.21,0.23,0.34
340.90,0.25,-0.07,0.24,-0.09,0.10,0.44,0.01,0.35,0.34,0.32
344.30,0.28,-0.04,0.27,-0.05,0.17,0.48,0.07,0.45,0.44,0.32
347.75,0.25,-0.07,0.16,-0.15,0.24,0.53,0.14,0.49,0.40,0.32
351.23,0.01,-0.30,-0.00,-0.31,0.32,0.58,0.20,0.33,0.31,0.31
354.74,-0.29,-0.59,-0.13,-0.44,0.39,0.62,0.27,0.10,0.26,0.30
358.28,-0.19,-0.49,-0.22,-0.52,0.45,0.66,0.33,0.26,0.23,0.30
361.87,-0.16,-0.46,-0.25,-0.55,0.52,0.71,0.40,0.36,0.27,0.30
365.49,-0.30,-0.60,-0.27,-0.57,0.59,0.75,0.46,0.29,0.32,0.30
369.14,-0.38,-0.68,-0.38,-0.67,0.65,0.79,0.53,0.27,0.28,0.30
372.83,-0.44,-0.73,-0.44,-0.73,0.70,0.83,0.59,0.26,0.26,0.29
376.56,-0.48,-0.77,-0.40,-0.69,0.73,0.87,0.66,0.25,0.33,0.29
380.33,-0.36,-0.64,-0.40,-0.69,0.75,0.91,0.73,0.39,0.35,0.28
384.13,-0.34,-0.62,-0.49,-0.77,0.77,0.95,0.79,0.43,0.27,0.28
387.97,-0.68,-0.95,-0.58,-0.85,0.80,0.98,0.86,0.12,0.21,0.27
391.85,-0.77,-1.03,-0.63,-0.89,0.83,1.02,0.93,0.06,0.20,0.26
395.77,-0.56,-0.80,-0.62,-0.87,0.86,1.06,0.99,0.30,0.24,0.24
399.73,-0.48,-0.71,-0.60,-0.83,0.90,1.09,1.06,0.42,0.30,0.23
403.72,-0.67,-0.89,-0.64,-0.86,0.95,1.13,1.13,0.28,0.31,0.22
407.76,-0.87,-1.07,-0.78,-0.98,0.99,1.16,1.19,0.12,0.21,0.20
411.84,-0.83,-1.02,-0.91,-1.10,1.03,1.19,1.26,0.20,0.12,0.19
415.96,-0.99,-1.17,-0.95,-1.13,1.09,1.22,1.32,0.10,0.13,0.18
420.12,-1.03,-1.20,-0.97,-1.14,1.15,1.26,1.39,0.12,0.18,0.17
424.32,-0.94,-1.11,-1.02,-1.19,1.22,1.29,1.45,0.28,0.19,0.17
428.56,-1.06,-1.22,-1.06,-1.23,1.28,1.32,1.51,0.22,0.22,0.16
432.85,-1.16,-1.33,-1.13,-1.30,1.32,1.35,1.57,0.16,0.19,0.17
437.18,-1.21,-1.40,-1.22,-1.41,1.36,1.38,1.63,0.15,0.13,0.19
441.55,-1.24,-1.45,-1.23,-1.44,1.39,1.40,1.69,0.15,0.16,0.21
445.96,-1.24,-1.48,-1.18,-1.42,1.42,1.43,1.75,0.18,0.23,0.24
450.42,-1.08,-1.36,-1.15,-1.43,1.43,1.46,1.80,0.35,0.28,0.28
454.93,-1.08,-1.40,-1.12,-1.44,1.44,1.49,1.85,0.36,0.33,0.32
459.48,-1.16,-1.53,-1.08,-1.45,1.45,1.51,1.90,0.29,0.37,0.37
464.07,-1.06,-1.47,-1.05,-1.46,1.46,1.54,1.95,0.40,0.40,0.41
468.71,-0.96,-1.42,-1.00,-1.46,1.47,1.56,1.99,0.51,0.47,0.46
473.40,-0.93,-1.44,-0.93,-1.44,1.48,1.59,2.03,0.55,0.55,0.51
478.13,-0.95,-1.50,-0.94,-1.49,1.51,1.61,2.07,0.56,0.57,0.56
482.91,-0.93,-1.52,-0.97,-1.56,1.54,1.63,2.10,0.61,0.57,0.59
487.74,-1.02,-1.65,-0.97,-1.60,1.58,1.66,2.13,0.56,0.60,0.63
492.62,-0.98,-1.64,-0.97,-1.63,1.62,1.68,2.16,0.64,0.65,0.66
497.55,-0.93,-1.61,-0.97,-1.66,1.67,1.70,2.19,0.74,0.70,0.68
502.52,-0.99,-1.69,-0.99,-1.69,1.72,1.72,2.21,0.73,0.73,0.70
507.55,-1.06,-1.77,-1.05,-1.76,1.77,1.74,2.22,0.71,0.72,0.71
512.62,-1.15,-1.85,-1.12,-1.83,1.81,1.76,2.24,0.66,0.69,0.70
517.75,-1.16,-1.86,-1.19,-1.89,1.85,1.78,2.25,0.69,0.66,0.70
522.93,-1.26,-1.94,-1.25,-1.93,1.90,1.80,2.25,0.64,0.65,0.68
528.16,-1.32,-1.98,-1.29,-1.95,1.95,1.82,2.26,0.63,0.66,0.66
533.44,-1.32,-1.95,-1.35,-1.98,2.00,1.84,2.26,0.68,0.65,0.63
538.77,-1.41,-2.00,-1.42,-2.01,2.05,1.85,2.26,0.65,0.64,0.59
544.16,-1.52,-2.07,-1.52,-2.07,2.10,1.87,2.25,0.58,0.59,0.55
549.60,-1.65,-2.16,-1.65,-2.15,2.15,1.89,2.24,0.50,0.51,0.51
555.10,-1.76,-2.23,-1.76,-2.22,2.20,1.90,2.24,0.44,0.44,0.47
560.65,-1.87,-2.29,-1.86,-2.27,2.24,1.92,2.22,0.37,0.38,0.42
566.25,-1.92,-2.30,-1.92,-2.30,2.27,1.94,2.21,0.35,0.35,0.38
571.92,-1.97,-2.30,-1.97,-2.31,2.29,1.95,2.20,0.32,0.32,0.34
577.64,-2.00,-2.30,-2.00,-2.31,2.30,1.96,2.18,0.30,0.30,0.31
583.41,-2.03,-2.30,-2.03,-2.30,2.31,1.98,2.17,0.28,0.28,0.27
589.25,-2.05,-2.29,-2.04,-2.29,2.31,1.99,2.15,0.26,0.27,0.24
595.14,-2.06,-2.28,-2.05,-2.28,2.31,2.01,2.14,0.25,0.26,0.22
601.09,-2.05,-2.26,-2.08,-2.29,2.32,2.02,2.12,0.27,0.24,0.21
607.10,-2.11,-2.32,-2.11,-2.32,2.32,2.03,2.11,0.21,0.21,0.21
613.17,-2.15,-2.37,-2.12,-2.35,2.32,2.04,2.09,0.17,0.20,0.22
619.30,-2.12,-2.36,-2.13,-2.37,2.33,2.05,2.07,0.21,0.20,0.24
625.50,-2.09,-2.35,-2.10,-2.36,2.34,2.07,2.06,0.25,0.24,0.26
631.75,-2.06,-2.35,-2.05,-2.34,2.36,2.08,2.05,0.30,0.31,0.29
638.07,-2.01,-2.34,-2.01,-2.34,2.38,2.09,2.03,0.37,0.38,0.33
644.45,-1.95,-2.33,-1.98,-2.36,2.40,2.10,2.02,0.45,0.42,0.38
650.89,-1.98,-2.40,-1.97,-2.40,2.41,2.11,2.01,0.44,0.44,0.42
657.40,-1.99,-2.46,-1.97,-2.44,2.42,2.12,2.00,0.43,0.46,0.47
663.98,-1.95,-2.47,-1.96,-2.48,2.43,2.12,1.99,0.48,0.47,0.52
670.62,-1.90,-2.47,-1.91,-2.48,2.43,2.13,1.99,0.53,0.52,0.57
677.32,-1.87,-2.48,-1.85,-2.46,2.43,2.14,1.98,0.56,0.58,0.61
684.10,-1.78,-2.43,-1.77,-2.42,2.42,2.15,1.98,0.64,0.65,0.65
690.94,-1.67,-2.36,-1.69,-2.39,2.41,2.16,1.97,0.74,0.72,0.69
697.85,-1.63,-2.36,-1.63,-2.36,2.41,2.16,1.97,0.78,0.77,0.73
704.83,-1.61,-2.37,-1.61,-2.37,2.40,2.17,1.98,0.79,0.80,0.76
711.87,-1.61,-2.39,-1.61,-2.39,2.40,2.17,1.98,0.79,0.80,0.78
718.99,-1.62,-2.41,-1.62,-2.41,2.41,2.18,1.98,0.79,0.79,0.79
726.18,-1.63,-2.43,-1.64,-2.44,2.42,2.19,1.99,0.79,0.78,0.80
733.44,-1.65,-2.46,-1.66,-2.47,2.43,2.19,2.00,0.78,0.77,0.81
740.78,-1.68,-2.50,-1.65,-2.47,2.44,2.20,2.00,0.76,0.79,0.82
748.19,-1.64,-2.46,-1.62,-2.45,2.45,2.20,2.01,0.81,0.82,0.82
755.67,-1.56,-2.39,-1.59,-2.42,2.44,2.20,2.03,0.88,0.85,0.83
763.23,-1.56,-2.40,-1.57,-2.41,2.44,2.21,2.04,0.88,0.86,0.84
770.86,-1.58,-2.43,-1.57,-2.42,2.43,2.21,2.05,0.85,0.86,0.85
778.57,-1.59,-2.46,-1.57,-2.44,2.42,2.21,2.07,0.83,0.85,0.87
786.35,-1.53,-2.42,-1.53,-2.42,2.41,2.21,2.09,0.88,0.88,0.89
794.22,-1.47,-2.39,-1.47,-2.39,2.40,2.22,2.10,0.93,0.92,0.92
802.16,-1.41,-2.35,-1.43,-2.37,2.39,2.22,2.12,0.98,0.96,0.94
810.18,-1.39,-2.36,-1.40,-2.37,2.37,2.22,2.14,0.98,0.97,0.97
818.28,-1.38,-2.39,-1.36,-2.36,2.35,2.22,2.16,0.97,0.99,1.01
826.46,-1.32,-2.36,-1.30,-2.34,2.32,2.22,2.18,1.00,1.02,1.04
834.73,-1.21,-2.28,-1.23,-2.30,2.29,2.22,2.20,1.08,1.06,1.07
843.08,-1.14,-2.25,-1.15,-2.25,2.26,2.22,2.23,1.12,1.11,1.11
851.51,-1.09,-2.23,-1.07,-2.21,2.23,2.22,2.25,1.14,1.15,1.14
860.02,-1.01,-2.19,-1.02,-2.20,2.20,2.22,2.27,1.19,1.18,1.18
868.62,-0.96,-2.17,-0.96,-2.16,2.17,2.21,2.29,1.21,1.21,1.21
877.31,-0.91,-2.15,-0.90,-2.13,2.14,2.21,2.30,1.23,1.24,1.24
886.08,-0.84,-2.10,-0.85,-2.12,2.13,2.21,2.32,1.29,1.28,1.26
894.94,-0.80,-2.11,-0.79,-2.11,2.12,2.20,2.34,1.32,1.32,1.31
903.89,-0.74,-2.13,-0.73,-2.10,2.11,2.20,2.35,1.37,1.38,1.39
912.93,-0.67,-2.09,-0.68,-2.11,2.11,2.20,2.37,1.44,1.42,1.42
922.06,-0.64,-2.11,-0.64,-2.12,2.11,2.19,2.37,1.47,1.47,1.47
931.28,-0.59,-2.14,-0.59,-2.11,2.11,2.19,2.38,1.52,1.52,1.55
940.59,-0.54,-2.11,-0.53,-2.10,2.11,2.18,2.39,1.57,1.58,1.57
950.00,-0.45,-2.07,-0.46,-2.10,2.10,2.17,2.39,1.65,1.63,1.62
959.50,-0.39,-2.09,-0.39,-2.09,2.08,2.17,2.39,1.69,1.68,1.70
969.09,-0.33,-2.11,-0.32,-2.08,2.05,2.16,2.39,1.72,1.73,1.78
978.78,-0.24,-2.06,-0.23,-2.04,2.01,2.15,2.38,1.77,1.78,1.82
988.57,-0.14,-1.97,-0.14,-1.99,1.98,2.14,2.37,1.84,1.84,1.83
998.46,-0.01,-1.91,-0.03,-1.93,1.95,2.13,2.35,1.94,1.91,1.90
1008.44,0.05,-1.92,0.07,-1.88,1.92,2.12,2.33,1.97,1.99,1.97
1018.53,0.17,-1.86,0.17,-1.86,1.89,2.11,2.31,2.06,2.06,2.03
1028.71,0.27,-1.82,0.25,-1.85,1.87,2.10,2.29,2.14,2.11,2.09
1039.00,0.32,-1.86,0.33,-1.85,1.85,2.09,2.25,2.17,2.18,2.18
1049.39,0.39,-1.88,0.40,-1.86,1.84,2.07,2.22,2.23,2.25,2.27
1059.88,0.48,-1.88,0.49,-1.86,1.84,2.06,2.19,2.32,2.32,2.36
1070.48,0.61,-1.81,0.59,-1.84,1.83,2.05,2.15,2.44,2.42,2.42
1081.19,0.68,-1.83,0.70,-1.82,1.82,2.03,2.10,2.50,2.51,2.51
1092.00,0.79,-1.83,0.80,-1.80,1.80,2.01,2.06,2.59,2.60,2.62
1102.92,0.91,-1.76,0.88,-1.80,1.78,2.00,2.01,2.69,2.67,2.67
1113.95,0.97,-1.78,0.99,-1.77,1.77,1.98,1.96,2.74,2.75,2.75
1125.09,1.07,-1.78,1.10,-1.72,1.75,1.96,1.91,2.82,2.85,2.85
1136.34,1.21,-1.67,1.19,-1.70,1.73,1.94,1.85,2.94,2.92,2.89
1147.70,1.31,-1.63,1.26,-1.69,1.70,1.91,1.80,3.01,2.96,2.95
1159.18,1.30,-1.71,1.33,-1.68,1.67,1.89,1.74,2.97,3.00,3.02
1170.77,1.37,-1.71,1.42,-1.67,1.63,1.87,1.68,3.00,3.05,3.09
1182.48,1.60,-1.59,1.57,-1.63,1.59,1.84,1.62,3.19,3.16,3.20
1194.30,1.75,-1.55,1.76,-1.55,1.56,1.81,1.56,3.31,3.32,3.31
1206.25,1.94,-1.47,1.91,-1.48,1.53,1.79,1.49,3.47,3.44,3.42
1218.31,2.03,-1.43,2.03,-1.45,1.48,1.75,1.43,3.51,3.51,3.47
1230.49,2.12,-1.41,2.15,-1.40,1.42,1.72,1.37,3.54,3.57,3.54
1242.80,2.24,-1.39,2.21,-1.40,1.36,1.69,1.30,3.60,3.57,3.64
1255.22,2.35,-1.33,2.32,-1.38,1.31,1.65,1.24,3.66,3.63,3.69
1267.78,2.36,-1.39,2.47,-1.30,1.27,1.61,1.17,3.63,3.74,3.76
1280.45,2.68,-1.18,2.64,-1.20,1.23,1.57,1.11,3.91,3.87,3.87
1293.26,2.89,-1.02,2.84,-1.09,1.18,1.53,1.04,4.07,4.02,3.92
1306.19,2.97,-1.04,3.00,-1.02,1.11,1.49,0.98,4.08,4.10,4.02
1319.25,3.11,-1.01,3.04,-1.07,1.03,1.44,0.91,4.14,4.06,4.13
1332.45,3.08,-1.10,3.13,-1.06,0.94,1.39,0.85,4.02,4.06,4.19
1345.77,3.19,-1.05,3.32,-0.93,0.85,1.33,0.78,4.04,4.17,4.25
1359.23,3.61,-0.69,3.53,-0.77,0.77,1.27,0.72,4.38,4.31,4.31
1372.82,3.85,-0.51,3.77,-0.60,0.68,1.21,0.66,4.53,4.45,4.37
1386.55,3.89,-0.53,3.92,-0.51,0.58,1.15,0.59,4.47,4.51,4.43
1400.41,3.99,-0.50,4.03,-0.47,0.48,1.08,0.53,4.47,4.50,4.50
1414.42,4.13,-0.43,4.16,-0.40,0.36,1.00,0.47,4.49,4.53,4.57
1428.56,4.38,-0.25,4.30,-0.34,0.27,0.92,0.40,4.65,4.57,4.64
1442.85,4.50,-0.21,4.51,-0.20,0.21,0.84,0.34,4.71,4.72,4.71
1457.28,4.58,-0.21,4.72,-0.07,0.14,0.75,0.28,4.72,4.86,4.79
1471.85,5.03,0.15,4.86,-0.02,0.06,0.66,0.22,5.09,4.92,4.88
1486.57,5.03,0.06,5.00,0.02,-0.03,0.56,0.16,5.01,4.97,4.97
1501.43,5.00,-0.06,5.14,0.07,-0.11,0.45,0.09,4.89,5.02,5.06
1516.45,5.27,0.12,5.25,0.10,-0.18,0.33,0.03,5.09,5.07,5.15
1531.61,5.51,0.27,5.48,0.24,-0.25,0.22,-0.03,5.26,5.23,5.24
1546.93,5.72,0.39,5.74,0.40,-0.32,0.09,-0.09,5.40,5.42,5.33
1562.40,5.92,0.49,5.90,0.47,-0.39,-0.05,-0.14,5.53,5.51,5.43
1578.02,6.07,0.54,6.02,0.48,-0.48,-0.19,-0.20,5.60,5.54,5.53
1593.80,6.08,0.45,6.13,0.50,-0.56,-0.34,-0.26,5.52,5.57,5.63
1609.74,6.26,0.53,6.30,0.57,-0.64,-0.50,-0.32,5.62,5.66,5.73
1625.84,6.53,0.70,6.53,0.70,-0.72,-0.66,-0.37,5.81,5.81,5.83
1642.10,6.82,0.89,6.76,0.83,-0.79,-0.82,-0.43,6.03,5.98,5.93
1658.52,6.98,0.95,6.96,0.92,-0.86,-0.99,-0.48,6.12,6.10,6.03
1675.10,7.05,0.92,7.12,0.99,-0.94,-1.17,-0.54,6.11,6.18,6.13
1691.85,7.27,1.05,7.25,1.02,-1.04,-1.34,-0.59,6.23,6.21,6.22
1708.77,7.44,1.12,7.41,1.08,-1.14,-1.51,-0.64,6.30,6.27,6.32
1725.86,7.56,1.14,7.62,1.19,-1.24,-1.68,-0.69,6.33,6.38,6.42
1743.12,7.82,1.31,7.81,1.30,-1.33,-1.83,-0.73,6.49,6.48,6.51
1760.55,8.06,1.46,8.03,1.42,-1.43,-1.97,-0.78,6.63,6.60,6.60
1778.15,8.23,1.54,8.25,1.56,-1.53,-2.09,-0.82,6.70,6.72,6.69
1795.94,8.44,1.66,8.45,1.67,-1.63,-2.20,-0.86,6.81,6.82,6.78
1813.90,8.64,1.77,8.63,1.75,-1.72,-2.27,-0.90,6.92,6.90,6.87
1832.03,8.81,1.85,8.79,1.83,-1.80,-2.33,-0.93,7.01,6.99,6.96
1850.36,8.89,1.85,8.92,1.87,-1.86,-2.34,-0.96,7.03,7.05,7.04
1868.86,9.03,1.90,9.03,1.90,-1.91,-2.34,-0.99,7.12,7.12,7.13
1887.55,9.14,1.93,9.14,1.92,-1.95,-2.29,-1.02,7.19,7.19,7.21
1906.42,9.24,1.95,9.25,1.95,-1.97,-2.23,-1.04,7.27,7.28,7.29
1925.49,9.35,1.98,9.34,1.97,-1.97,-2.13,-1.06,7.38,7.37,7.37
1944.74,9.42,1.97,9.44,1.98,-1.97,-2.02,-1.07,7.45,7.47,7.45
1964.19,9.52,1.99,9.50,1.97,-1.95,-1.89,-1.08,7.57,7.55,7.53
1983.83,9.57,1.96,9.55,1.94,-1.92,-1.74,-1.09,7.65,7.63,7.61
2003.67,9.55,1.86,9.59,1.90,-1.88,-1.59,-1.09,7.67,7.71,7.69
2023.71,9.61,1.84,9.60,1.82,-1.82,-1.43,-1.09,7.79,7.78,7.77
2043.94,9.63,1.78,9.59,1.74,-1.76,-1.27,-1.08,7.87,7.84,7.85
2064.38,9.57,1.65,9.59,1.68,-1.69,-1.11,-1.07,7.88,7.90,7.92
2085.03,9.54,1.60,9.57,1.62,-1.61,-0.95,-1.05,7.93,7.96,7.94
2105.88,9.57,1.57,9.54,1.53,-1.54,-0.79,-1.03,8.03,8.00,8.00
2126.94,9.57,1.48,9.52,1.43,-1.46,-0.64,-1.01,8.11,8.06,8.09
2148.20,9.47,1.29,9.56,1.38,-1.38,-0.49,-0.99,8.09,8.18,8.18
2169.69,9.55,1.29,9.59,1.31,-1.31,-0.35,-0.96,8.24,8.28,8.26
2191.38,9.74,1.39,9.59,1.24,-1.23,-0.21,-0.93,8.51,8.36,8.35
2213.30,9.52,1.09,9.58,1.17,-1.15,-0.09,-0.89,8.37,8.43,8.43
2235.43,9.47,1.02,9.52,1.05,-1.06,0.04,-0.85,8.41,8.46,8.45
2257.78,9.46,0.97,9.43,0.91,-0.95,0.16,-0.81,8.51,8.47,8.49
2280.36,9.40,0.84,9.42,0.86,-0.84,0.27,-0.77,8.56,8.58,8.56
2303.17,9.34,0.72,9.36,0.75,-0.71,0.38,-0.72,8.63,8.65,8.62
2326.20,9.31,0.66,9.22,0.58,-0.57,0.49,-0.68,8.74,8.65,8.65
2349.46,9.03,0.39,9.07,0.40,-0.41,0.59,-0.63,8.62,8.66,8.64
2372.95,8.83,0.14,8.91,0.20,-0.23,0.69,-0.58,8.60,8.68,8.69
2396.68,8.80,0.05,8.77,0.03,-0.03,0.79,-0.52,8.77,8.73,8.75
2420.65,8.64,-0.15,8.65,-0.13,0.18,0.90,-0.47,8.82,8.82,8.79
2444.86,8.46,-0.32,8.41,-0.39,0.41,1.00,-0.42,8.87,8.82,8.78
2469.31,8.07,-0.75,8.04,-0.78,0.65,1.10,-0.36,8.72,8.69,8.82
2494.00,7.57,-1.30,7.62,-1.24,0.90,1.21,-0.30,8.47,8.51,8.87
2518.94,7.12,-1.75,7.18,-1.72,1.15,1.33,-0.25,8.27,8.33,8.87
2544.13,6.75,-2.19,6.73,-2.22,1.41,1.45,-0.19,8.16,8.14,8.94
2569.57,6.28,-2.72,6.18,-2.81,1.67,1.58,-0.13,7.96,7.85,9.00
2595.27,5.58,-3.45,5.59,-3.44,1.96,1.73,-0.07,7.54,7.55,9.03
2621.22,4.83,-4.22,4.96,-4.12,2.26,1.88,-0.01,7.09,7.22,9.05
2647.43,4.47,-4.64,4.35,-4.78,2.55,2.06,0.05,7.02,6.90,9.11
2673.90,3.92,-5.28,3.89,-5.28,2.78,2.24,0.11,6.70,6.67,9.20
2700.64,3.57,-5.65,3.65,-5.56,2.94,2.44,0.18,6.51,6.59,9.22
2727.65,3.69,-5.54,3.68,-5.56,3.05,2.65,0.24,6.74,6.74,9.23
2754.93,4.15,-5.09,4.31,-4.96,3.15,2.87,0.30,7.30,7.45,9.24
2782.48,5.07,-4.23,5.29,-4.00,3.24,3.07,0.36,8.31,8.53,9.30
2810.30,6.44,-2.87,6.06,-3.24,3.32,3.24,0.43,9.76,9.38,9.31
2838.40,6.69,-2.60,6.39,-2.91,3.37,3.37,0.49,10.06,9.76,9.29
2866.79,5.93,-3.33,6.21,-3.06,3.38,3.43,0.55,9.31,9.59,9.26
2895.46,5.63,-3.61,5.66,-3.59,3.38,3.42,0.62,9.01,9.04,9.24
2924.41,5.34,-3.88,5.27,-3.95,3.35,3.32,0.68,8.69,8.62,9.22
2953.65,5.10,-4.10,5.24,-3.96,3.29,3.17,0.75,8.39,8.53,9.20
2983.19,5.36,-3.82,5.37,-3.81,3.20,2.96,0.81,8.56,8.57,9.18
3013.02,5.79,-3.37,5.70,-3.46,3.05,2.72,0.88,8.84,8.76,9.16
3043.15,6.11,-3.03,6.16,-2.99,2.82,2.46,0.95,8.93,8.97,9.14
3073.58,6.58,-2.54,6.55,-2.56,2.48,2.21,1.01,9.07,9.04,9.12
3104.32,6.98,-2.09,6.94,-2.12,2.11,1.96,1.08,9.09,9.05,9.07
3135.36,7.25,-1.73,7.34,-1.67,1.73,1.72,1.15,8.98,9.07,8.98
3166.72,7.72,-1.25,7.69,-1.28,1.38,1.49,1.21,9.10,9.07,8.97
3198.38,8.05,-0.90,8.00,-0.95,1.07,1.28,1.28,9.12,9.07,8.95
3230.37,8.22,-0.71,8.24,-0.70,0.79,1.07,1.35,9.01,9.02,8.93
3262.67,8.37,-0.55,8.37,-0.53,0.54,0.87,1.42,8.91,8.91,8.92
3295.30,8.47,-0.38,8.48,-0.38,0.34,0.68,1.48,8.81,8.82,8.85
3328.25,8.57,-0.21,8.59,-0.22,0.19,0.51,1.55,8.76,8.78,8.78
3361.53,8.70,-0.07,8.67,-0.07,0.07,0.34,1.61,8.77,8.74,8.77
3395.15,8.74,0.05,8.73,0.03,-0.04,0.20,1.68,8.70,8.69,8.69
3429.10,8.75,0.12,8.77,0.11,-0.13,0.07,1.74,8.62,8.64,8.63
3463.39,8.76,0.15,8.78,0.19,-0.20,-0.03,1.80,8.56,8.58,8.61
3498.03,8.81,0.28,8.79,0.25,-0.26,-0.10,1.86,8.55,8.53,8.53
3533.01,8.79,0.33,8.78,0.30,-0.29,-0.13,1.92,8.50,8.49,8.46
3568.34,8.73,0.30,8.76,0.35,-0.31,-0.14,1.98,8.43,8.45,8.43
3604.02,8.68,0.36,8.67,0.33,-0.30,-0.10,2.03,8.38,8.37,8.32
3640.06,8.58,0.33,8.53,0.26,-0.28,-0.04,2.08,8.30,8.25,8.25
3676.46,8.34,0.14,8.38,0.21,-0.23,0.04,2.13,8.11,8.15,8.20
3713.22,8.18,0.10,8.24,0.15,-0.16,0.13,2.17,8.02,8.08,8.08
3750.36,8.14,0.16,8.07,0.08,-0.08,0.24,2.22,8.06,8.00,7.98
3787.86,7.94,0.05,7.90,0.01,0.02,0.35,2.25,7.97,7.93,7.89
3825.74,7.63,-0.17,7.70,-0.10,0.13,0.46,2.29,7.77,7.84,7.80
3864.00,7.46,-0.25,7.46,-0.26,0.24,0.57,2.32,7.70,7.70,7.71
3902.64,7.27,-0.35,7.22,-0.40,0.36,0.68,2.34,7.63,7.57,7.62
3941.66,6.98,-0.54,7.00,-0.52,0.48,0.79,2.36,7.46,7.48,7.52
3981.08,6.76,-0.67,6.81,-0.64,0.61,0.89,2.38,7.37,7.42,7.43
4020.89,6.65,-0.72,6.63,-0.76,0.75,0.99,2.39,7.40,7.38,7.37
4061.10,6.51,-0.85,6.48,-0.87,0.90,1.09,2.39,7.41,7.38,7.36
4101.71,6.27,-1.03,6.29,-1.01,1.05,1.19,2.39,7.33,7.35,7.30
4142.73,6.06,-1.18,6.04,-1.21,1.22,1.29,2.39,7.28,7.26,7.24
4184.15,5.78,-1.41,5.78,-1.42,1.41,1.39,2.38,7.19,7.18,7.19
4226.00,5.49,-1.66,5.52,-1.63,1.62,1.50,2.37,7.11,7.14,7.15
4268.26,5.26,-1.85,5.27,-1.84,1.85,1.60,2.36,7.11,7.12,7.11
4310.94,5.03,-2.03,5.01,-2.05,2.09,1.72,2.34,7.12,7.10,7.06
4354.05,4.74,-2.27,4.72,-2.31,2.35,1.85,2.31,7.09,7.07,7.01
4397.59,4.40,-2.60,4.41,-2.60,2.60,1.98,2.29,7.00,7.01,7.00
4441.56,4.08,-2.92,4.10,-2.88,2.85,2.12,2.26,6.93,6.96,7.00
4485.98,3.82,-3.12,3.82,-3.12,3.10,2.29,2.23,6.92,6.92,6.94
4530.84,3.58,-3.31,3.56,-3.34,3.33,2.46,2.19,6.91,6.88,6.89
4576.15,3.30,-3.53,3.29,-3.54,3.54,2.65,2.16,6.84,6.83,6.83
4621.91,3.01,-3.76,3.03,-3.74,3.73,2.85,2.12,6.74,6.76,6.77
4668.13,2.78,-3.92,2.78,-3.92,3.89,3.08,2.08,6.67,6.68,6.70
4714.81,2.57,-4.05,2.57,-4.05,4.03,3.31,2.04,6.60,6.61,6.62
4761.96,2.38,-4.15,2.39,-4.14,4.15,3.57,2.00,6.53,6.54,6.53
4809.58,2.21,-4.21,2.18,-4.24,4.25,3.83,1.96,6.46,6.44,6.42
4857.67,1.98,-4.31,1.96,-4.33,4.34,4.09,1.92,6.32,6.30,6.29
4906.25,1.70,-4.44,1.74,-4.40,4.41,4.34,1.88,6.12,6.16,6.14
4955.31,1.51,-4.47,1.52,-4.46,4.48,4.56,1.84,5.99,6.00,5.98
5004.87,1.35,-4.46,1.30,-4.51,4.54,4.75,1.80,5.89,5.84,5.81
5054.91,1.08,-4.55,1.08,-4.55,4.58,4.86,1.76,5.67,5.67,5.63
5105.46,0.83,-4.62,0.86,-4.59,4.61,4.93,1.72,5.44,5.47,5.45
5156.52,0.65,-4.61,0.65,-4.61,4.59,4.89,1.68,5.24,5.24,5.26
5208.08,0.49,-4.57,0.46,-4.60,4.54,4.81,1.65,5.03,5.00,5.06
5260.16,0.31,-4.53,0.30,-4.54,4.45,4.63,1.61,4.76,4.76,4.84
5312.77,0.14,-4.48,0.20,-4.42,4.34,4.42,1.58,4.48,4.54,4.62
5365.89,0.16,-4.23,0.16,-4.23,4.20,4.16,1.54,4.36,4.36,4.39
5419.55,0.19,-3.98,0.18,-4.00,4.05,3.89,1.51,4.24,4.23,4.17
5473.75,0.17,-3.78,0.14,-3.81,3.90,3.61,1.48,4.08,4.04,3.95
5528.49,0.08,-3.65,0.07,-3.67,3.76,3.34,1.45,3.84,3.83,3.73
5583.77,-0.13,-3.64,-0.03,-3.54,3.62,3.08,1.42,3.49,3.59,3.51
5639.61,-0.12,-3.41,-0.18,-3.47,3.49,2.83,1.40,3.38,3.31,3.29
5696.00,-0.29,-3.36,-0.34,-3.41,3.38,2.61,1.37,3.09,3.04,3.07
5752.96,-0.58,-3.42,-0.46,-3.30,3.26,2.40,1.35,2.68,2.80,2.84
5810.49,-0.61,-3.23,-0.57,-3.18,3.13,2.22,1.33,2.52,2.57,2.62
5868.60,-0.58,-2.96,-0.60,-2.98,2.96,2.05,1.31,2.38,2.36,2.38
5927.28,-0.62,-2.77,-0.62,-2.76,2.75,1.90,1.29,2.13,2.14,2.15
5986.56,-0.70,-2.61,-0.65,-2.54,2.49,1.75,1.27,1.79,1.85,1.91
6046.42,-0.75,-2.39,-0.64,-2.27,2.19,1.63,1.26,1.44,1.55,1.64
6106.89,-0.64,-1.99,-0.56,-1.92,1.86,1.51,1.24,1.22,1.29,1.35
6167.96,-0.50,-1.58,-0.43,-1.52,1.50,1.41,1.23,1.01,1.07,1.08
6229.64,-0.37,-1.20,-0.30,-1.14,1.16,1.32,1.22,0.79,0.86,0.83
6291.93,-0.31,-0.90,-0.15,-0.77,0.83,1.23,1.21,0.52,0.67,0.59
6354.85,-0.22,-0.58,-0.03,-0.44,0.52,1.15,1.20,0.30,0.49,0.36
6418.40,-0.05,-0.19,0.06,-0.17,0.25,1.08,1.19,0.20,0.31,0.14
6482.58,-0.10,-0.03,0.12,0.05,0.02,1.01,1.19,-0.08,0.14,-0.07
6547.41,-0.17,0.10,0.13,0.18,-0.16,0.95,1.18,-0.33,-0.03,-0.27
6612.88,-0.22,0.22,0.12,0.26,-0.31,0.90,1.18,-0.53,-0.19,-0.44
6679.01,-0.25,0.35,0.18,0.37,-0.42,0.84,1.17,-0.67,-0.24,-0.60
6745.80,-0.22,0.53,0.29,0.48,-0.52,0.79,1.17,-0.73,-0.23,-0.75
6813.26,-0.06,0.83,0.40,0.56,-0.59,0.75,1.17,-0.65,-0.19,-0.89
6881.39,0.01,1.05,0.53,0.65,-0.65,0.71,1.17,-0.64,-0.12,-1.04
6950.21,0.05,1.25,0.67,0.72,-0.70,0.67,1.17,-0.64,-0.02,-1.20
7019.71,0.35,1.72,0.78,0.74,-0.73,0.63,1.17,-0.38,0.05,-1.37
7089.91,0.55,2.09,0.89,0.74,-0.75,0.59,1.17,-0.19,0.15,-1.54
7160.81,0.54,2.26,0.99,0.73,-0.73,0.56,1.17,-0.19,0.26,-1.72
7232.41,0.85,2.77,1.06,0.70,-0.69,0.53,1.16,0.16,0.37,-1.92
7304.74,1.18,3.38,1.10,0.64,-0.63,0.49,1.16,0.55,0.47,-2.20
7377.79,1.34,3.81,1.11,0.56,-0.54,0.46,1.16,0.80,0.57,-2.47
7451.56,1.46,4.19,1.08,0.44,-0.43,0.44,1.16,1.03,0.65,-2.73
7526.08,1.58,4.57,1.02,0.30,-0.30,0.41,1.16,1.28,0.72,-2.99
7601.34,1.59,4.83,0.95,0.16,-0.17,0.38,1.15,1.42,0.79,-3.24
7677.35,1.61,5.08,0.87,0.01,-0.02,0.36,1.14,1.59,0.85,-3.47
7754.13,1.72,5.39,0.78,-0.14,0.14,0.33,1.14,1.86,0.91,-3.67
7831.67,1.91,5.74,0.68,-0.29,0.29,0.31,1.13,2.20,0.97,-3.83
7909.98,2.16,6.10,0.58,-0.43,0.43,0.28,1.12,2.60,1.02,-3.94
7989.08,2.79,6.79,0.48,-0.58,0.57,0.26,1.10,3.36,1.05,-4.00
8068.98,3.55,7.54,0.38,-0.71,0.70,0.24,1.09,4.25,1.08,-3.99
8149.67,4.25,8.16,0.29,-0.83,0.82,0.21,1.07,5.07,1.12,-3.91
8231.16,5.03,8.79,0.21,-0.93,0.93,0.19,1.05,5.96,1.14,-3.76
8313.47,6.17,9.71,0.15,-1.03,1.02,0.17,1.03,7.19,1.17,-3.54
8396.61,6.33,9.60,0.09,-1.10,1.10,0.15,1.01,7.43,1.19,-3.27
8480.57,5.53,8.52,0.04,-1.17,1.16,0.13,0.98,6.69,1.20,-2.99
8565.38,4.97,7.54,0.01,-1.22,1.21,0.11,0.95,6.18,1.22,-2.57
8651.03,4.75,6.84,-0.01,-1.25,1.25,0.09,0.92,6.00,1.23,-2.09
8737.54,4.95,6.49,-0.03,-1.27,1.27,0.07,0.89,6.22,1.25,-1.54
8824.92,5.40,6.35,-0.03,-1.29,1.29,0.05,0.86,6.69,1.26,-0.95
8913.17,6.36,6.70,-0.03,-1.29,1.30,0.03,0.83,7.66,1.27,-0.34
9002.30,6.16,5.90,-0.03,-1.30,1.30,0.01,0.80,7.46,1.27,0.26
9092.32,4.91,4.06,-0.03,-1.30,1.30,-0.01,0.76,6.21,1.27,0.85
9183.25,4.12,2.74,-0.03,-1.30,1.30,-0.03,0.73,5.42,1.27,1.38
9275.08,3.69,1.80,-0.03,-1.30,1.30,-0.05,0.69,5.00,1.27,1.89
9367.83,3.40,0.96,-0.04,-1.30,1.31,-0.07,0.65,4.71,1.27,2.44
9461.51,2.84,-0.15,-0.05,-1.31,1.31,-0.09,0.62,4.16,1.27,2.99
9556.12,2.21,-1.31,-0.06,-1.32,1.33,-0.11,0.58,3.54,1.26,3.52
9651.68,1.55,-2.47,-0.08,-1.33,1.34,-0.13,0.54,2.89,1.26,4.02
9748.20,0.67,-3.75,-0.11,-1.34,1.35,-0.15,0.51,2.03,1.24,4.42
9845.68,-0.25,-5.06,-0.15,-1.36,1.36,-0.17,0.47,1.12,1.22,4.81
9944.14,-0.72,-5.94,-0.19,-1.38,1.37,-0.18,0.43,0.65,1.18,5.22
10043.58,-1.20,-6.79,-0.25,-1.41,1.37,-0.20,0.40,0.17,1.12,5.59
10144.02,-1.58,-7.52,-0.28,-1.38,1.36,-0.22,0.36,-0.22,1.08,5.94
10245.46,-1.87,-8.14,-0.32,-1.35,1.35,-0.24,0.33,-0.52,1.03,6.27
10347.91,-2.16,-8.79,-0.36,-1.32,1.33,-0.26,0.29,-0.83,0.96,6.63
10451.39,-2.34,-9.30,-0.40,-1.29,1.30,-0.28,0.26,-1.04,0.89,6.96
10555.91,-2.50,-9.76,-0.44,-1.25,1.26,-0.29,0.22,-1.24,0.82,7.26
10661.46,-2.64,-10.10,-0.48,-1.21,1.22,-0.31,0.19,-1.42,0.74,7.46
10768.08,-2.90,-10.56,-0.52,-1.18,1.18,-0.33,0.15,-1.72,0.65,7.66
10875.76,-3.16,-10.96,-0.57,-1.14,1.14,-0.35,0.11,-2.02,0.57,7.80
10984.52,-3.26,-11.07,-0.61,-1.09,1.09,-0.36,0.08,-2.17,0.48,7.81
11094.36,-3.21,-10.99,-0.65,-1.05,1.05,-0.38,0.04,-2.16,0.40,7.78
11205.31,-3.58,-11.25,-0.70,-1.01,1.01,-0.40,0.01,-2.57,0.31,7.67
11317.36,-3.80,-11.27,-0.74,-0.96,0.96,-0.41,-0.03,-2.84,0.22,7.47
11430.53,-3.99,-11.11,-0.79,-0.91,0.91,-0.43,-0.06,-3.08,0.13,7.12
11544.84,-4.32,-11.03,-0.83,-0.86,0.86,-0.45,-0.10,-3.46,0.03,6.71
11660.29,-4.65,-10.92,-0.88,-0.81,0.81,-0.46,-0.14,-3.84,-0.07,6.27
11776.89,-4.81,-10.49,-0.93,-0.76,0.76,-0.48,-0.17,-4.05,-0.17,5.68
11894.66,-4.98,-10.01,-0.97,-0.71,0.71,-0.49,-0.21,-4.27,-0.27,5.03
12013.60,-5.19,-9.54,-1.02,-0.65,0.65,-0.51,-0.25,-4.54,-0.37,4.35
12133.74,-5.36,-8.92,-1.07,-0.59,0.59,-0.52,-0.29,-4.77,-0.48,3.56
12255.08,-5.53,-8.29,-1.12,-0.53,0.53,-0.54,-0.34,-5.00,-0.59,2.76
12377.63,-5.28,-7.24,-1.17,-0.47,0.47,-0.55,-0.38,-4.81,-0.70,1.96
12501.41,-5.28,-6.44,-1.22,-0.41,0.41,-0.56,-0.43,-4.87,-0.81,1.16
12626.42,-5.32,-5.71,-1.28,-0.35,0.35,-0.58,-0.48,-4.97,-0.93,0.39
12752.68,-5.39,-5.03,-1.33,-0.28,0.28,-0.59,-0.53,-5.11,-1.04,-0.36
12880.21,-4.42,-3.33,-1.38,-0.22,0.22,-0.60,-0.58,-4.20,-1.16,-1.09
13009.01,-3.96,-2.24,-1.44,-0.15,0.15,-0.61,-0.64,-3.81,-1.29,-1.72
13139.10,-2.86,-0.58,-1.49,-0.08,0.08,-0.62,-0.70,-2.78,-1.41,-2.28
13270.49,-1.57,1.23,-1.54,-0.01,0.01,-0.64,-0.76,-1.56,-1.54,-2.80
13403.20,-1.92,1.24,-1.60,0.06,-0.06,-0.65,-0.83,-1.98,-1.67,-3.16
13537.23,-3.67,-0.22,-1.66,0.14,-0.14,-0.66,-0.90,-3.81,-1.80,-3.45
13672.60,-3.99,-0.30,-1.71,0.21,-0.21,-0.67,-0.98,-4.20,-1.93,-3.69
13809.33,-4.56,-0.77,-1.77,0.29,-0.29,-0.68,-1.06,-4.85,-2.06,-3.79
13947.42,-5.88,-2.02,-1.83,0.37,-0.37,-0.68,-1.15,-6.25,-2.20,-3.86
14086.90,-7.03,-3.10,-1.89,0.45,-0.45,-0.69,-1.24,-7.48,-2.34,-3.93
14227.77,-7.69,-3.77,-1.95,0.53,-0.53,-0.70,-1.34,-8.22,-2.48,-3.92
14370.04,-7.41,-3.44,-2.01,0.62,-0.62,-0.71,-1.44,-8.03,-2.63,-3.97
14513.74,-6.30,-2.25,-2.07,0.70,-0.70,-0.72,-1.56,-7.00,-2.77,-4.05
14658.88,-5.07,-0.89,-2.13,0.79,-0.79,-0.72,-1.67,-5.86,-2.92,-4.18
14805.47,-4.02,0.32,-2.19,0.88,-0.88,-0.73,-1.80,-4.90,-3.07,-4.34
14953.52,-2.74,1.76,-2.26,0.97,-0.97,-0.74,-1.92,-3.71,-3.22,-4.50
15103.06,-1.35,3.34,-2.32,1.06,-1.06,-0.74,-2.04,-2.41,-3.38,-4.69
15254.09,-0.07,4.81,-2.39,1.15,-1.15,-0.75,-2.16,-1.22,-3.54,-4.88
15406.63,1.01,6.13,-2.45,1.25,-1.25,-0.76,-2.27,-0.24,-3.70,-5.12
15560.70,2.06,7.47,-2.52,1.34,-1.34,-0.76,-2.37,0.72,-3.86,-5.41
15716.30,3.09,8.80,-2.58,1.44,-1.44,-0.77,-2.45,1.65,-4.02,-5.71
15873.47,3.84,9.81,-2.65,1.54,-1.54,-0.77,-2.50,2.30,-4.19,-5.97
16032.20,3.90,10.10,-2.72,1.64,-1.64,-0.78,-2.50,2.26,-4.36,-6.20
16192.52,3.34,9.82,-2.78,1.74,-1.74,-0.78,-2.49,1.60,-4.53,-6.48
16354.45,2.81,9.54,-2.85,1.85,-1.85,-0.78,-2.42,0.96,-4.70,-6.73
16517.99,1.89,8.83,-2.92,1.95,-1.95,-0.79,-2.33,-0.06,-4.87,-6.94
16683.17,0.90,7.97,-2.99,2.06,-2.06,-0.79,-2.20,-1.16,-5.05,-7.07
16850.01,-0.02,7.21,-3.06,2.17,-2.17,-0.79,-2.05,-2.19,-5.23,-7.23
17018.51,-0.79,6.60,-3.13,2.28,-2.28,-0.80,-1.88,-3.07,-5.41,-7.39
17188.69,-1.80,5.71,-3.21,2.39,-2.39,-0.80,-1.71,-4.19,-5.60,-7.51
17360.58,-2.59,4.98,-3.28,2.50,-2.50,-0.80,-1.53,-5.09,-5.78,-7.57
17534.18,-3.36,4.28,-3.35,2.62,-2.62,-0.81,-1.36,-5.98,-5.97,-7.64
17709.53,-3.99,3.75,-3.43,2.73,-2.73,-0.81,-1.20,-6.72,-6.16,-7.74
17886.62,-4.42,3.41,-3.50,2.85,-2.85,-0.81,-1.05,-7.27,-6.35,-7.83
18065.49,-4.68,3.16,-3.58,2.97,-2.97,-0.81,-0.92,-7.65,-6.55,-7.84
18246.14,-4.83,2.97,-3.65,3.09,-3.09,-0.81,-0.79,-7.92,-6.74,-7.80
18428.60,-4.95,2.86,-3.73,3.21,-3.21,-0.82,-0.68,-8.16,-6.94,-7.81
18612.89,-5.12,2.68,-3.81,3.34,-3.34,-0.82,-0.58,-8.46,-7.15,-7.80
18799.02,-4.90,2.87,-3.88,3.46,-3.46,-0.82,-0.50,-8.36,-7.35,-7.77
18987.01,-4.65,3.07,-3.96,3.59,-3.59,-0.82,-0.42,-8.24,-7.55,-7.72
19176.88,-4.49,3.14,-4.04,3.72,-3.72,-0.82,-0.35,-8.21,-7.76,-7.63
19368.65,-4.19,3.32,-4.12,3.85,-3.85,-0.82,-0.29,-8.04,-7.97,-7.51
19562.33,-3.64,3.73,-4.20,3.98,-3.98,-0.82,-0.24,-7.62,-8.19,-7.37
19757.96,-2.80,4.39,-4.28,4.12,-4.12,-0.83,-0.19,-6.92,-8.40,-7.19
19955.54,-2.25,4.76,-4.37,4.25,-4.25,-0.83,-0.14,-6.50,-8.62,-7.01
